Bille
a_{x}


0.7448680343095434
1.8335213152238097
1.9481163974252975
0.8021655754104163
0.9740581987126491
-0.28648770550372
3.4378524660444185
3.4378524660442924
2.3491991851303116
1.5470336097200905
2.177306561828145
3.9535303359512066
2.6929844317348386
1.317843445317112
-1.2275202381651222
2.1837699412284657
2.5407253809596435
2.390696455574469
1.5741253891538132
1.887076148371851
3.0920392448363367
3.0035341926550263
2.4918446476917784
1.8536170545825177
1.9349584682702237
2.7578295267657147
2.770703235342587
2.813898390621661
2.0367709347092964
2.7264114214517337
2.476932279176806
1.7907194225145124
0.9976176265657636
1.4530498744334939
2.267756131772323
1.6527070090764253
0.7313912213141012
2.142349917077057
1.3068705300975951
0.19353356220588752
-0.545896245703446




-0.5070388397861111
-1.8067709072884748
-3.140294736146812
-4.320337371407143
-3.6562716801550277
-3.322404460273839
-4.115770418554104
-4.606012133316895
-2.7343998091831048
-2.396043391631332
-3.6244267121335794
-3.6578453199210443
-2.467768085832651
-2.2892096849870054
-3.286827840659271
-3.310262226440425
-3.6630267170680075
-3.4104171598731807
-3.0790042244086235
-2.91979100186083
-3.3925150377198476
-3.568556489885782
-3.011332640785168
-2.855434092173915
-2.511396130603516
-3.0656068050970906
-3.1332945978655515
-3.1653119488471657
-2.7775748143241863
-2.575794240744703
-2.954627898229051
-2.8894474292602417
-2.735113331484255
-2.2034171355939036
-2.626861468429233
-2.4353625113749473
-2.0987013167750477
-1.8379942607193476
-2.1638930718604783
-2.217400590025496
-1.812980554880363
-1.0490124517075476
-0.6867132706369388
-0.5847188789102852
-0.5813628420009781
-0.09457096476663127
-0.2231696583338146
-0.2346695150048664
-0.10174444663259957
0.00630287141768197
-0.5359727939302676
-0.7589165177207203
-1.0374647135438397
-1.2022070298223997
-0.8670981584169215
-0.7564241105567545
-1.1086882576419557
-1.2853835537968377
-0.4032316467682821
-0.024983579294939575
0.3634318442069379
0.23633179296289838
0.3376052833688272
0.8063464376568905
1.2490431635929342
0.8919902194007817
0.5901329886727358
0.6981277117542704
1.4498438140181773
1.3211244654287653
0.714080179021525
1.3500550667481375
2.171973124230742
1.7754754045290135
0.9209244153549054
1.597002403770117
2.1315996337150307
1.9561605591150357
1.2647133054467996
1.2855262523343902
1.8446627755590397
1.7580053456970974
2.24200371431882
2.601195429247368
1.9457952959558122
0.8793949393491466
1.3945726708904331
2.256385512687433
2.3528583772355156
1.9779675460516097
1.895837474586405
1.7439690477914764
1.4842003783253042
1.7666656165148937
1.937015107917657
1.3936970688296173
0.8622545789241827
1.1939961070091434
1.2370067089579448
1.186050827779117
2.1093771626196083
1.4821984347847899
1.085168657398686
1.5682247387059725
2.659360657447706
1.4526406617648235
1.3344194103724407
1.4301602382727898
1.2071275132121086
1.7451662668110328
1.5413791427229209
0.9864843775302463
1.4057973338828813
2.295746755068178
0.6245725481431977
0.6201425704337482
1.73664503316862
1.304972445803459
0.22322041364298276
1.224084502840923
2.1483550570488523
1.4416078475468443
0.2428072349973556
0.06305970407016089
0.43046881267030407
0.6897773819929421
0.7176567381432549
1.0966533624194283
0.5129074094274099
0.2611223302213587
0.2390185301276192
-0.09388186960613669
-0.6013510226524901
-0.031222343393771772
-0.5861410319553365
-0.9146121721819631
-1.3101059084067794
-0.997262484235706
-1.4235922742787677
-1.7015410669898956
-1.877160069689231
-1.3631376563680389
-1.4756257225386025
-2.2717890577182436
-1.7009486938849365
-1.0185099019546928
-1.7479403705351086
-2.060416030527592
-2.2707833105438127
-1.571633163940478
-1.376980651317471
-1.0252132476431788
-2.0186345573050146
-2.124121223390803
-1.6690022487763727
-1.6499352759986015
-1.9512445869338648
-1.852023286737775
-1.4624014545949398
-1.7173464679548929
-1.5850048285022202
-1.5093508794093982
-1.5501418622793286
-1.234477861765474
-0.779584504906752
-1.2317239070279262
-1.2864015263170308
-1.1659998326939542
-1.4779540486842528
-1.399992930215439
-0.8281874200558634
-1.0083554688786782
-1.6879834942272487
-1.460015115302449
-1.2429078250559766
-1.0726627648296916
-1.318862396856646
-1.2771134227861412
-1.623415919572371
-1.2167802446211395
-1.8960081029444327
-1.5732493489786066
-1.3432694121009754
-0.9960748269541218
-1.3251285066098757
-1.6111452848593348
-1.803435895176742
-0.9695301208099162
-0.23212387361439601
-0.9227388216793816
-1.0607570364625907
-0.44490871032198853
-0.11147542502620418
-0.34891623087868456
0.20551534664351961
0.06629799486407795
0.6386663262254294
0.46139862211199484
0.7278813355798791
0.3086394101791316
0.5198863977558437
0.9830317551889458
0.9597203510497607
0.4958774235130624
0.48021977680268507
0.948845850864385
1.3559643575854805
1.1202460795059752
1.2874515048931228
1.522842739994072
2.084910757617686
1.3996091849893522
0.6697947434504086
0.7105271790307485
1.3642357182747142
1.6052223233890635
1.82547378440421
1.6821641925344535
1.8810873373135852
1.2168606956509038
1.2155026709354644
1.1319876405851061
1.4850250401238978
1.4731421389429766
1.2851358642472852
1.4032347256158872
1.480407127094278
1.0539247919304513
0.7349535897299142
0.9630128003953231
1.7776616918236132
1.7133261360573033
1.4269045715595496
1.287846920042224
1.5519997282844633
1.247470154628576
1.037092156659749
1.706458694279392
1.9479678788358943
0.9762992996799964
1.304072520295732
1.9246182882983094
1.4168457996353054
0.7371200143332606
1.5540508631736245
1.661469057183359
1.0033514713832352
0.8960110449962119
1.2295170963476736
0.7457053289050296
1.1833440361403798
1.4391820128069928
1.0669465060158176
0.4930645886325989
0.698876688594639
1.2139601025465314
0.9053845427369136
0.35073704910649167
0.14272199859566073
0.7792182398233775
0.5908875693299265
0.2908592935414066
0.1880139852872355
0.29695002426988737
0.15008313171428397
0.026873072604069494
-0.5238497612703932
-0.2544199489474111
-0.5361049129017604
-0.7185687156458285
-0.9191191309306501
-1.0508742156560957
-1.4078195251119068
-1.0576145863322444
-1.2406229387202754
-1.3166411645688454
-1.307923646513189
-1.3248505063567984
-1.597548941711482
-1.5849143930055014
-1.7667729019554805
-1.5816301791863396
-1.10586075937107
-1.4543872629703405
-1.5588607077322267
-1.1571822103792138
-1.4884942181903371
-1.8430161533304557
-1.651265167428687
-1.083516339934097
-1.3486251916891183
-1.5950562499886516
-1.6527436207345527
-1.3377915917596004
-0.8661953863507978
-0.7834064461202366
-0.7292181687156158
-1.6539664898070685
-1.9076252966452896
-1.5856587582756558
-1.2429959446067473
-1.2163113659565419
-0.948688893680459
-1.3792327628677368
-1.8146858987940193
-1.4420010894726956
-0.8031838200360395
-1.104934655157919
-1.3035843112517869
-1.824425215065503
-1.6603170857781462
-1.3021549816507232
-1.2339501788703349
-1.2992713657986523
-1.120047260442428
-1.103482824834568
-1.4583355068354944
-1.1031829837047662
-0.7585259740285091
-1.1311204598267657
-1.090257801128706
-1.013330697612044
-0.5235706940612773
-0.4472074113506285
0.20829636431793433
0.04043587893710365
-0.19867701044678543
0.020305030900098144
0.27018041795587844
0.23762353438107178
0.3812293027348133
0.9502440822314732
0.6345372300987608
0.6573882375224991
0.4988631201084944
0.5223393969246881
0.8592228796437846
0.6802285542840834
0.3922055496404396
1.341190454739067
1.3602134841700906
0.8742433346731285
0.7873265312385332
1.7416866788745313
1.4179461778560807
1.352124687506063
0.7779401986598836
1.0895764741657774
1.7860671848770342
1.5539514805224315
0.9780964974249036
1.020197062021118
1.7097588106058696
1.5652178865586552
1.4942084332935284
1.3258153172357299
1.519245518019191
1.4345789312422608
1.5128649312123792
1.1826733816522867
1.0313729003547494
1.202943981005033
1.5693733219107588
1.2657200419561263
1.3746572440104736
1.7106248102206192
1.589777358468971
0.8217136353823664
0.8142713804739412
1.6168968508418786
1.9360486001571133
1.0875355681755774
0.9126742458679677
1.0508925861746559
1.517903537989198
0.8136927786333096
1.1585373800100174
1.0101988909368216
1.5203367686824936
1.2553590564196428
0.9022104528153105
0.6954069035728129
0.7845521623512064
1.0770901384638423
1.2899638414479602
0.47255832720992513
0.29595597917296795
0.4582420792839718
0.5132079336509736
0.3307947217703388
0.7159429962405608
0.3467162879892838
-0.22062016306417898
0.19180299470905773
0.29127756590232323
0.04734911616404799
-0.02765386690943305
-0.30580254580814287
-0.5746929968055637
-0.5307738903553268
-0.714492871239998
-1.1005822031117998
-0.737470371631013
-0.7747125254429892
-1.3148566419755976
-1.3600044764389894
-0.9137256618052553
-1.207785371923376
-1.4777088777483953
-1.6196286757459848
-1.2728775446738778
-1.4565923516067942
-1.346605108766664
-1.0581793752637079
-1.2270515466098133
-1.5473109360130504
-1.1209563722514437
-1.013882015105735
-1.9203096814872196
-1.7561682260816136
-1.3459107456148771
-0.98111091300133
-0.9189507676416938
-1.0235677469438877
-1.1059242619176837
-1.10407013417105
-1.3819618308380492
-1.6872538324595292
-1.6713277998440323
-0.9461509255360568
-1.0791479443913903
-1.4553486729808431
-1.4944046793036554
-1.2003930164990353
-1.3121713921813232
-1.4160900870800963
-1.2178378416626094
-1.1569581352656435
-1.0010649889235237
-1.4046973536014484
-1.5921180378821502
-1.4478371906659675
-0.7911118921259322
-1.1942111500174624
-1.3030240153936405
-1.7422030251777487
-0.8540235241623741
-0.8205289020110965
-0.24030129777042325
-0.7219858942590813
-1.0177851155519
-0.9354997273150593
-0.2949387472353832
-0.18872769275062043
-0.36244042536579407
-0.0024335474187260966
0.13879183156932098
0.6016148791234954
0.2656937508900691
0.09498863217062264
0.40791967225930115
0.5332903065869279
0.7756837633739754
1.0299955425036407
0.6420686169510058
0.033913597453171115
0.8563120328509034
0.8630806515489369
0.13630779775460297
0.8834747312146619
1.3699519519044436
1.129191635744653
0.8154143547339114
1.5223551325426956
1.2769065066379786
1.097654011606107
0.8991704617919765
1.5605542384173687
1.178509259388471
0.8466383021199494
1.0986606253189202
1.8070347806062221
1.2290286506609367
0.9486649654376459
0.8977163320366719
1.2200190353380913
1.5368592835029173
1.3814529432945841
0.9016553737238104
0.9607673594123968
1.4244892084060925
1.325418111362899
1.2569902382646527
0.9215606717730924
1.2224251266129935
1.5565897148396906
1.4046261248810061
0.9899520233614753
1.0034902333678373
1.4818192109815818
1.3966139839390654
1.1737038846863797
0.9519387020020498
1.3198797924878276
0.7628904622533048
0.9903958012472032
1.3323066717721344
1.2855157776745674
0.7489289500274628
1.2354191722701755
1.0917859565546013
1.0136581297941831
0.6707194510227843
0.44946325832605644
0.34662168067063004
0.7872625079657781
0.5896049786506626
0.6793747588950384
0.5948950321378462
0.4385533389250496
0.2756212136976618
0.5099147600726963
0.3990184812379693
0.20608708679459284
-0.17455066611302192
-0.048796989535347335
-0.23892443349762305
-0.3658114263820822
-0.3090820523795698
-0.31329786663913156
-0.7410104077574279
-0.8936484737816511
-0.5969837610943468
-0.8704877201630001
-1.0036787302661654
-1.2361732566901737
-0.9326087665176196
-1.103815814649785
-1.4903306880630154
-1.3924607046285433
-1.2392543107757095
-1.0871558991185932
-1.3413577479511858
-1.4584321250184875
-1.3686301903223579
-1.3499732261982949
-1.18680930252682
-1.2508063181942928
-0.7363171986244739
-1.3234826092375858
-1.247965684924662
-1.435265114642843
-1.0932559898544878
-1.2875886235994902
-0.9792569577270034
-1.2521403623829377
-1.3605331559812723
-1.6284793551651142
-1.121370794686167
-0.8768362158348378
-1.2274014054069253
-1.5128149148564516
-1.4351462779861048
-0.982293826195811
-1.034850778012797
-1.3218759102120141
-1.6489557612829593
-1.1908851691307996
-1.3544926109943691
-0.9564427392904926
-0.7874389338596457
-1.138213160962027
-1.6307577812608516
-1.5000470312641037
-0.6057183743490245
-0.8784411359902161
-0.6553113762726734
-1.0118401534151562
-0.4933510016070912
-0.6795573699065386
-0.8637204041132659
-0.6509326496286767
-0.2722872099968339
0.004869536971861653
-0.3570922042192269
0.12060327620276325
0.43971690501141975
0.24935340758871644
-0.017136969823495274
0.5626743873962683
0.8072747535523296
0.44557990892730837
0.4153743216325644
0.596044426216145
0.5628202138346698
-0.21813566172145135
0.4357332208569573
1.0592997116542349
1.4024260465376592
0.3050815968618658
1.1454105246570911
1.4122455781967764
1.139508352265107
0.7050685466580521
0.9303395404945843
0.94932986501111
1.1936578423069422
1.280134955256572
1.173921941618376
1.334671478045719
1.3109985476096566
1.0449904435826656
0.6592462248120764
1.3171013986298437
1.410668996705264
1.3281982522383928
0.8050774157831132
1.3558933166878508
1.3354995259723912
1.17687734491429
0.8077251047068327
0.9658093286958997
1.0432204417636037
1.08090498743849
1.2937809005199348
1.7459624028919598
1.4039350805264572
0.93012226418441
0.8367424306298705
1.2447500948697539
1.2628529095524037
0.8286793127095042
0.8041912966652621
1.415500760561868
1.199353146812512
0.7738788430033435
0.8483148454155901
1.6112883202377963
0.8893184720944253
0.34283363632571845
0.5086013008643235
1.5982846222357054
0.9054714448828608
0.3571225840159282
0.12598577217371476
0.7544969785179945
0.1940204509311712
0.40493365741378035
0.11511569888539483
0.7054596101151787
0.5112011511827658
0.3615524615122546
-0.17332847133159096
0.26672591034893983
0.3201241409639193
-0.46469702630800963
-0.5667472031056167
-0.3655361148938919
-0.20342687967764608
-0.861439542951899
-0.5261827406255851
-0.548113040855251
-0.955482531750306
-1.396192471473063
-0.6054629520138088
-0.4165512801666639
-0.8067999573129695
-1.1329680986488342
-1.3886579843882307
-1.6528037937721018
-1.087560823950904
-0.7549028295532432
-1.244446861775687
-1.486996140193927
-1.3995150939785874
-1.0779821352550123
-1.4411886787423684
-1.5331258002435921
-1.411516613217188
-1.0843188758786648
-1.3692005160525589
-1.338880016185765
-1.0088036700633862
-0.9242525587967426
-1.2077528734472482
-1.5249443864411898
-1.0224453765856982
-0.9929670397801417
-1.24162116455305
-1.493887359199694
-1.36719432728668
-1.3618606959338413
-1.2600303332179963
-0.9950014013850633
-1.3409239252848861
-1.147113809726724
-1.3460487530135268
-0.917527500025445
-0.9108607274012253
-1.2710307769960667
-1.47381617458464
-0.7117716144701415
-0.3741891059177071
-0.9099044849803971
-1.1852526210418761
-0.8133369971988738
-0.7124149503097414
-0.32194311111503693
-0.21726813505779222
-0.04156014091003643
-0.3741225467883755
-0.37894007425419224
-0.24662289502650087
0.19229545178540364
0.38616458950106625
-0.12082250357186478
0.3761841165280616
0.5037891607751657
0.37967540832121693
0.10427670173662987
1.144540103926548
0.779342641876452
0.2554273144522881
-0.09037449593602757
0.60509269475126
0.988183164117426
0.8993004596373487
0.682904285177482
0.9103349940740475
1.2056185304371696
0.7381910092829223
0.8031221994740744
1.3541836318289902
1.428536914018425
0.5694231210957562
0.7054020432033088
1.3593698319738539
1.4499793385211324
0.7548071413559309
0.9383031004736085
1.2681888555646246
1.4634915211155533
1.1591126227880975
0.9845717407986014
1.1713630485477387
1.293129957212372
0.8674079692204135
1.0484226351529167
1.5154572420162657
1.2849240390463685
0.7912957345582367
0.8937472409952921
1.3640041300482428
1.1864588182430653
1.1500261468041424
0.9090805179570889
0.9780114373308215
1.0972629320583596
1.2379066749567156
1.0465086627465199
1.1637117594275954
0.9773930826053401
0.7427471761391715
0.8706632518225922
1.0704527696960628
1.0286196095968414
0.44769731329944606
0.8908159068551327
0.7944868446794319
0.9284036869839574
-0.08809663377342936
0.06023446015037714
0.42920748089048494
1.0411479184963823
0.3402053507534733
0.45216210448792293
0.15300867678715793
0.29892117001695795
-0.18671093152902804
0.6071723295679206
0.12285336532832325
-0.06741120548430396
-0.6909614265276743
-0.32142763332592444
-0.23833665828512562
-0.15310992128946802
-0.7876437793350985
-0.640483515564673
-0.8162226021219576
-0.8263201976695674
-0.8818027877964933
-0.8388303374865288
-1.045093006668733
-0.7785569040810009
-0.8768269479513293
-1.1049759604060303
-1.2069694964729578
-1.3486992514292684
-1.222923939825229
-0.919747821278108
-0.7918826360504461
-1.1317458126080113
-1.4589126300179798
-1.758614785425811
-0.8770996982869017
-1.0057956978284397
-1.4872786735183225
-1.6287995126719736
-1.0834149127967583
-0.9668772838418787
-1.1106257450276287
-0.9943822577928233
-1.3000252552401121
-1.2489393012278813
-1.5409199803002664
-1.1797849875737734
-1.2783261007895959
-1.5716738746176564
-1.070240521393302
-0.4140815156438289
-1.0085918468049033
-1.6172468569338685
-1.1233054750460476
-0.8642976799547996
-1.1720265662964604
-0.5599217148958068
-0.5509516644056635
-1.2805910542930679
-1.2349313442761127
-0.6042860978582267
-0.426943734047765
-0.6347582976371327
-0.9322688505662261
-0.7004709096650624
-0.0908843513557055
-0.09114559213106412
-0.44027177587013705
-0.3089666197448857
0.16075415974203727
0.042998969561667856
0.33927831749508375
0.022420205460220007
0.42174158569074666
0.1065540555212143
0.4645082446591853
0.3194020159429352
0.7554953704678299
0.3879074664494793
0.3462167452842966
0.48470757418892724
0.6012411825132462
0.9496953619576345
0.8418333685877664
0.7665041194017675
0.5506363077186621
0.6316009456919276
1.138924495757662
1.393998462201545
1.0434088121648797
0.4067012268158525
0.8192982286679571
0.9436477528059687
0.8562396108260553
0.9684039599364929
1.553705290201965
1.44631388438857
1.1333976650393378
0.8420520862374226
1.0402512828930037
1.0605996083649
1.034521835892164
0.9296149403459777
0.9978618927656625
1.169428424393819
1.2905469217175798
1.255512826776306
1.0963492624008964
0.8891452517667147
0.8471735710978822
1.1569392849215416
1.370078118284957
1.1444686631010264
0.8175700699886355
0.8253436940909209
1.091329390835097
0.8072044798884563
0.8139359897350059
0.924676321906181
0.9609210623802342
0.5925225549252969
0.8739615827704864
1.0977146469345391
1.0235960451376607
0.5074692508773652
0.5194416849532584
0.05752049971858748
0.32122953744915755
0.5216535064580329
0.828802220462659
0.22942784215354353
0.05546971559761931
0.7136907345705209
0.32074940759767523
-0.03576149165216021
-0.014886464255193167
0.5974382561132318
0.03709305129377456
-0.12092149972536069
-0.4641164326906923
-0.5003488402566562
-0.2652459692648798
-0.20402813795862387
-0.565135254075696
-1.0037662561946779
-0.6696512122323356
-0.49771069040151295
-0.7993489997368847
-1.2010752756261631
-1.141415421239129
-0.6268339385062429
-0.6310116419629694
-0.5987107924896132
-1.0966396889677679
-1.244616461022769
-1.1636660368524905
-1.1800588335815119
-1.6886143007987373
-1.3183447176322902
-0.4612044251052134
-0.554127075848955
-1.3267006560244954
-1.2672860079674098
-1.29879959107868
-1.4091804268866785
-1.1514560450519913
-0.9069963976043354
-1.0736166281217445
-1.2449218602666365
-1.2473241848942314
-1.2603264520494826
-1.0267373484889437
-0.8690124675857013
-0.9590300389563706
-1.130962197258914
-1.3296022499500906
-1.0449540491397935
-0.8849410003244138
-0.9939951035289365
-1.2870337299929238
-1.141599354054361
-0.6945833152383993
-0.7189341890918556
-0.8008097129320231
-0.9949771437709859
-0.9606477302834237
-0.4691003520201883
-0.2827827567318689
-0.6445046969674211
-0.8552398339191345
-0.3031307779903802
0.0036782586293992677
-0.192864574891537
-0.31579746776375783
-0.6930581354894658
-0.10795923522448964
0.19410990373876202
0.4394384426728009
-0.04418728610794805
0.3354875323983875
0.2892519950008025
0.5322859547269264
0.03194142173654687
0.29343068347641926
0.9979814152574644
1.1657815566754726
0.5596061722875544
-0.3312680722255363
0.19253314526492185
1.0877841710497465
1.3536921304272156
0.7012573362955575
0.5316312792986944
0.5639736486839243
0.415381108509809
1.2164887064891559
1.4036824241186745
1.0354016363925531
0.6174673482344901
0.8538806087848076
0.6742376714495701
1.2482398243296873
1.025653608543226
0.60810236379796
0.9229281277363697
1.2171321357971037
1.2513961138496996
0.9243860961118265
1.0595735367887127
0.7182725875059975
1.209081338149774
1.2855090206655393
1.2294650018521445
1.245056956121057
0.8025175563386436
0.45039257316848624
0.6255748197685348
1.3530168110710197
1.1136773540618707
0.9582712153708193
2.525545117008397
3.056959238294809
0.8432265183589533
-1.5656575627747127
-1.8018804366750427
0.21884931923199483
0.34913881537339403
0.8501819389012453
0.8576270754112091
0.3842614644189249
0.5666359347157103
0.4968961180138574
0.17004545920266353
0.4760222002628549
0.39927411300593885
0.26489046174497677
0.4107111799496035
0.31050222738565675
0.09969996832873267
-0.03537271979000432
0.38404207403771146
0.16430989887405942
-0.18903315941508353
-0.4061882948136686
-0.2884609465802099
-0.3364250780379141
-0.5129439789384165
-0.3110502438189412
-0.5902958571999934
-0.8383412063984157
-0.5606163047528682
-0.28925687104086695
-0.6278991826089284
-1.2499624084258294
-1.270224556890497
-1.2153816485305329
-0.3395761229398493
-0.43484789469626783
-0.8103785824294699
-1.3208408605531001
-0.9623457092145161
-1.0716941005466525
-1.0195505818285224
-1.0541130575049311
-0.9991254755064459
-1.1439859447046152
-1.1931216276334886
-1.3145751635576974
-1.1876278932449433
-0.8563342027014083
-0.6365561880288967
-1.0851276213849181
-1.173107174495536
-1.3732104444019693
-0.9820398020848617
-1.2249516723844407
-1.2033644989965466
-1.075881500889373
-0.31572282071423563
-0.9705237818917659
-1.324197416840636
-1.3434675177821738
-0.8468049509041445
-0.655350130190361
-0.6059186756812885
-1.0623231894616358
-1.2790089783196892
-0.6814473732932709
-0.8862859431617635
-0.2635271449682082
-0.5950716398895016
-0.5250478690462711
-1.1029724697463765
-0.38469815598532703
-0.2678414531054982
-0.01625274401261789
-0.1970003733934905
-0.44045997629930533
-0.5903895017598568
-0.007460774843316961
0.4636604757465945
0.46812126089261824
-0.031009573519576738
-0.1279622127042462
0.3372991725843569
0.765658703922869
-3.3157528734771344
-1.738067404397945
2.3847437512585214
4.193552683094697
0.4492507058766245
-0.2533880871492704
0.5187075531947998
1.0823141057046777
1.2079994518364499
0.433405508529126
0.6713315061077533
1.1008912730248301
0.7044767237674242
0.24376260227744137
0.9347191324116809
1.3429599836427815
1.0674915174606654
0.6962255549013087
1.108809379399445
0.95242555002383
0.8997105849217336
0.5005627962670609
0.8357410780588613
0.9430599663506731
1.098129054477978
0.8912990500489971
0.6256203659611711
0.6881271336146946
1.0249971177009713
1.1007087880689594
0.6315616938665046
0.7242766892268718
0.8348616521128615
0.9336543449360857
1.0522365304394157
0.9594644449262782
0.5001489524040477
0.8567853962012253
1.3197375411641428
0.9590846966952776
0.639422763282188
0.8498433205355255
0.8024117311386774
0.2801691827153449
0.8008726970172839
1.2569212398440406
0.6195065140166628
-0.001714798254909735
0.5744198823286629
0.7153238251390884
0.1936772024393934
0.5591806081510439
0.5657222835553958
0.39650918293705917
-0.043221737335656235
0.6065718685524994
0.6275712847573028
0.04158643327464325
-0.31219675599080987
0.022625698078716196
0.6415979297648621
0.16871305435409514
-0.12359750015162821
-0.5695590519731942
-0.4466975886929649
-0.35135669513953655
-0.32858763519103185
-0.04892071028680117
-0.3540719573577137
-1.0690729041866864
-0.8428751073532645
-0.33323397206279726
-0.474335949285286
-0.8971149620159556
-0.692103672794702
-0.6649370897209139
-1.3705289088307295
-1.181948197753556
-0.6113322423461514
-0.262220342896885
-1.1059490403949086
-1.2948840682828864
-1.1533049010800158
-0.8333637065402265
-1.0048015713193124
-0.9540300432125374
-1.1959730498752406
-1.0350080774368078
-1.0526084424729567
-0.7500431976535878
-0.6497405996528542
-0.7455583550640147
-1.0269406422147114
-0.9740523662443995
-1.1298784065648435
-1.042082095134524
-1.142198193055617
-0.791731860605313
-1.027360382967633
-1.0918764156618816
-1.4069603480146127
-0.2635046832481684
-0.34430695986977955
-0.9949676279126787
-1.518116200260869
-0.5786528080492513
-0.6336141652137567
-0.9965871913449952
-0.5919725327375549
-0.34970992832962977
-0.4814213628724928
-0.8942854482844282
-0.3900234705537777
-0.7340556044915657
-0.28554203085596086
-0.18650794647394592
-0.12245951434026213
-0.41541352456072567
-0.2726861726642467
0.05699827480561118
0.2644472172200046
0.4975863915211571
0.13383509873166735
-0.44288755578268224
0.33876336702825643
0.53998806249916
0.5780616426035154
-0.05154854184487123
0.4810835936718516
0.1344393533289891
0.6375280859973366
0.8737570432365686
0.6490330024456767
0.2333714419423478
0.335833272995003
0.8466272612305874
0.8253182032961233
0.7047747303592015
0.6783656669273981
0.8790369008650216
0.699159771048832
0.5697898431724846
0.5183094144849961
0.7668083642735785
1.1866583666705084
1.318635836188486
1.1170601374061855
0.7470236457056122
0.8694626486033186
0.7928536147331429
1.0103177022641894
0.9911439729557566
0.8876848581678183
0.8317674595143199
0.8512008740292668
1.0271662497853
0.9261354949584423
0.8044642937140418
0.6786054224666495
1.0567534025500673
1.2858674330986561
1.028946296201066
0.6038981952268542
0.45138065032827995
0.926239548806991
1.1320655072351073
0.6197323924144496
0.3434879410485845
0.6423672295208885
1.047907812848349
0.8170358666401807
0.432453562147209
0.3485661220396184
0.39322988698582595
0.29348491756606715
0.6284950829392284
0.647908216849485
0.49035236749105
0.07748684677372093
0.08823334244380619
0.345504931531689
0.42277352815446484
-0.059287653209770266
0.026362801109313206
0.19587838096540522
0.2862541751964917
0.05722741818190287
-0.04411426169619426
-0.4287045227832626
-0.41477457968721565
-0.3376444233428469
-0.23657051984648042
-0.0997166262436906
-0.45965641881954206
-0.8652651671226852
-0.9602415090274329
-0.7725533788491649
-0.31413321404215006
-0.4417098607906043
-0.4683448483427066
-0.9207040579395628
-0.9575767034326608
-1.2110977695677319
-0.8781547706176782
-0.8515308231886893
-1.0099991932439265
-0.850433006756218
-0.6811550629853593
-0.8023077493917253
-1.1382810685179954
-1.17098394151869
-1.1060068599637223
-0.9857064690030177
-0.7342656331095442
-1.1274976407021948
-1.0612624604953405
-0.9957686001359142
-0.8645968171093359
-1.2612807526171788
-1.2311746719140566
-0.8137965498282734
-0.5982818619416447
-0.8958560078416009
-0.9052441855261306
-0.80613498566072
-0.8172918097768954
-1.1507562980300061
-0.8247598183988367
-0.8394127013476025
-0.7673185142466465
-0.33595414615754343
-0.3342627294654078
-0.636580188108714
-0.9698199054702473
-0.3739381369069282
-0.5465527359019312
-0.18302794552175894
-0.15278951919543365
-0.03616292545249779
-0.3991564973453437
-0.4349300506778323
-0.41609434732743056
-0.03479188454484696
0.20318264701149685
0.4055649885648064
0.19230963944754173
-0.21577750092772732
0.16707133905674817
0.43895231885031194
0.5558733204362849
0.33589226373167896
0.391656545133485
0.08061453125971414
0.5706338692288436
0.6791800824037046
0.7805993252375003
0.5732943532394172
0.5323050205019009
0.1361129003649005
0.13371837413191323
0.8628234854773382
1.1267289610106923
0.8281997068631907
0.35562600737387196
0.9265414200159403
0.694596925742153
0.8960360027735491
0.7196728802517023
0.5479424991771801
0.5739891043667962
0.807620517136014
1.0164662837945602
1.2145322528380793
1.1851330642402316
0.569375689025252
0.6103408847515812
0.8518655691877113
0.8722837615793524
1.0918079926554585
1.0437416356962232
1.0872733307475806
0.8158246560299619
0.6205179838863852
0.5417555604899099
0.6194423820498486
0.8421109120174826
0.7927369563533266
0.954702108855102
0.3370844621465983
0.5124885994938388
0.7662935680695075
1.1157385645040192
0.6746880947794092
0.3576433887117374
0.36358402706763315
0.3012891543058705
0.21646219647893697
0.760576546496204
0.9746898388609394
0.19153540688944642
0.13660262891729819
0.1734091461121598
0.2417203949360803
0.2576968379563088
0.5850801485826541
-0.05015024172998823
-3.9409295725326295E-4
-0.028611902634874772
0.07706396821549436
0.14641351892890075
0.15288502049702676
-0.3108935957901035
-0.31720669076133196
-0.6167991391644253
-0.31292908344895903
-0.38776590759550816
0.042193199032234376
-0.6390749239731447
-0.5923806023417142
-0.8588728707118969
-0.6825978942245822
-0.4516862208408245
-0.17970834410621211
-0.6870933897765371
-1.3411322296428922
-0.7930539173175705
1.1934721729825455
0.21449025943192412
-1.6662607664200475
-2.360237770357707
-1.041700052618096
-1.0067196559082419
-0.7454308289099655
-0.8304709237539527
-0.9681702115071957
-0.9329610598079365
-0.4608654837252871
-0.8075072647411216
-0.8075852387402848
-1.180212310797
-1.1317483798107877
-1.1694096864677535
-0.7105210104899772
-0.889602313035071
-0.8718577408531365
-0.752147999339726
-0.9523128223775588
-0.7649080018066179
-0.875675041670062
-0.6362214404642802
-0.6875980903456539
-0.3023304083124824
-0.33408202770977014
-0.7088971645069675
-1.0675674730297553
-0.6530568904668865
-0.3465943913350013
-0.2775943713398602
-0.2449738614171418
-0.14210607144003387
-0.2689931756008568
-0.28784096409551113
-0.24985963220236931
-0.3655102621398931
0.11798284391376268
0.34403706799151496
0.16244576406415534
-0.015598375813225906
-0.09539283647602173
0.16058623934979446
0.45012308311423643
0.39341438985034827
0.2726580155868321
0.315947317310951
0.15612967277574058
0.2135407787866587
0.7937775859335232
0.6753753497613364
0.4673416055756672
0.4884904592986269
0.46612671865624966
0.30459204345850954
0.3996910515681003
0.5582696775851481
0.9423461278616048
1.0230036130365605
0.8393575604283361
0.557485662726075
0.5365819774302321
0.573562431258808
0.6955763702969161
0.7239729965830414
0.7825035874601186
0.8141859850776162
0.8870374845515304
0.9265905902534648
0.794122265126097
0.6792981686054813
0.7133675614756321
0.631575576791504
0.6794795321081809
0.8960668213710962
0.7862461521433807
0.6104389905875529
0.5947335357606118
0.7425116242050476
0.8025757821097813
0.7928504687817636
0.5063563355858522
0.3765669540432497
0.7101033342428593
1.1282739760205451
0.8751325219139082
0.47210581804191165
0.35216459234807146
0.48034204754607757
0.4271999741945861
0.2971308760891975
0.5199215286418402
0.6235551285300027
0.5799322662001786
0.16302455501520144
0.3743998109654991
0.3183393112826499
0.07442869469935734
0.33749543345255484
0.6130734082562822
0.2387176667890918
-0.5039535271505632
-0.0035935264738848325
0.0816080649656643
0.27414221519282406
0.15630756247954009
-0.0010020822900951788
-0.4530770473665468
-0.34185553496331433
-0.1986459568293422
-0.456750528483646
-0.5196544236876849
-0.2784107383227398
-0.14506572706559356
-0.2859659748394785
-0.5591827391396169
-0.9271476654068205
-1.2658949955691239
-0.6212307914953513
-0.06307150220988257
-0.19675295709657278
-0.8478257733107535
-0.8551878108787818
-0.8037179466018124
-0.9067610443017897
-0.6865125140974093
-0.5932046423509177
-0.6763515704306767
-1.0053435216368507
-0.7668845217394819
-0.6372081589244254
-0.7569364421787728
-0.9230600857405477
-0.7775317329784007
-0.9228443699807883
-0.9539587238999587
-0.8326570831719773
-0.6281980378225646
-1.0177439419256797
-0.7885875050589563
-1.0664780199829655
-0.728631251105681
-0.35872486112680574
-0.22391093001500545
-0.9252568007270399
-1.3561926443024142
-0.591927057248718
0.09870371761632893
-0.2735262026140198
-1.2067017546005325
-0.6609906108482474
-0.44061634999280036
-0.4552109455361125
-0.6063016369976755
-0.3854459055653649
-0.14396707836379644
-0.19365873061934155
-0.3044450663781175
-0.432970895296391
-0.22933553612129792
-0.4820652372142556
-0.09251530590341862
0.36438042839231116
0.15453386305976977
0.2483674918201244
0.14697545467975448
-0.09857368224368789
-0.14517791857499632
0.5371876796219501
0.26088330798611603
0.04610718646362743
0.3126267334924592
0.4799796180782045
0.13614797542365548
0.31826558932867427
0.8202400709953953
0.792426933726474
0.2905105801309969
0.3430982513997716
0.6172463868552966
0.5912164824453182
0.3345063696987964
0.49859474460685616
0.2767161854538841
0.7072830557690701
1.127783005302973
1.2749276874496585
0.7621091040913648
0.4442392244156638
0.23376446663010814
0.7787581920272224
0.7723265170157152
0.8097482061059904
0.7668012703866436
0.9631062597767928
0.42097297877919254
0.24546986128494389
0.5431048501518325
0.6663717494633012
0.7359149250879251
0.9737246244744537
0.9643969172980911
0.4793196921577731
0.07505427189224975
0.4357962553687728
0.965342875582224
1.1051274330227066
0.8700894076416482
0.5491241349687227
0.34800487760888776
0.3283508600136298
0.2355345577607019
0.7334850173603199
0.40751524940472517
0.5285357314987005
0.5876539455643118
0.9970654739569188
0.3092080258467183
-0.1425741976809526
0.2366179387539037
0.54786781164003
0.2021720977407536
0.02595202723707882
0.3516256159160586
0.36329308804414395
-0.10055767549982289
-0.037555261441851936
-0.22514538471115347
-0.012374895444422275
0.3778724409887755
0.4061906681765118
-0.181697871874851
-0.4494764871146888
-0.33648879448829017
-0.15005733849475705
-0.4211015811251445
-0.42939251023933567
-0.35018871296417114
-0.17123193495411151
-0.26722319287516666
-0.6798975162882289
-0.5576635836709375
-0.4799096893061811
-0.631632562817713
-1.138632741221238
-0.6782309464450302
-0.26197887721021085
-0.2497911439630499
-0.5992455615055354
-0.8629861543211969
-0.9247358054538253
-0.8838450625543947
-0.7952671888795055
-0.6465061709072739
-0.8413482564395565
-0.620987772298204
-0.4622244739306607
-0.4631883204777194
-0.9372111999940925
-0.8132469714605493
-0.6001828765666224
-0.49493797404162815
-0.7161660584523358
-0.8163902721156846
-0.6223372919595863
-0.8700858581327419
-0.9693960863343692
-0.9456350867091418
-0.5359139837867719
-0.18647309384850408
-0.14530591051934627
-0.4950147611559334
-1.0614657741155917
-0.7924154791616762
-0.36158228833980494
-0.5942202576447542
-0.7972643870398232
-0.6125724481245596
-0.051327874022466614
-0.0064750158391724
-0.21518417069215964
-0.5850695684742835
-0.32987485913186837
-0.004352266761561487
-0.31732236139269754
-0.6514421366794452
-0.1689343540977991
0.4894732055507822
0.4095817950445062
0.17986274054973606
0.07448186338445859
-0.1356069742512886
-0.48163578029947535
0.30819964836867353
0.766321039287797
0.45773928862811614
-0.055234639843684416
0.21181086132565827
0.4435098066738498
0.33899727838145277
0.07099809192083635
0.3738900439733182
1.0867408550462045
0.9208979336357938
0.14368755173305336
0.046614573731218335
0.4568973534879143
0.7205834888579318
0.6537520844526412
0.6547376692708852
0.2350565815736716
0.595075374536902
0.5362424970344862
0.7319115538903891
0.66990591362223
0.9616571390987956
0.6787546434503022
0.8658950539297223
0.6523797559331499
0.5394166630204232
0.37610259208589253
0.7323432012042944
0.6876585193671947
0.8871619561324828
0.7184209988462128
0.7547674602640156
0.7878713699839194
0.7789211095805331
0.5080068575861816
0.4459448017025395
0.31907800167768563
0.6396407768241256
0.7340569550876735
0.4457423209863826
0.3265352900620705
0.5281325177299492
0.3030056877839349
0.37390544262595266
0.9393634787376598
0.5484880921475407
0.13585211030965377
-0.06238402598339631
0.32650900437645763
0.4180372883473963
0.3809676347418456
0.09364297872103977
0.440406716452142
0.3968017539738593
0.005537000014184802
-0.25445244681772783
0.07159529564298664
0.09544134171487505
0.032009493990943605
2.55496602789027
1.3367912532296522
-1.4295575507751885
-2.8434906565380076
-0.23263693497369473
-0.1903779155484302
-0.6389796928429661
-0.4349427095373756
-0.2026580003708133
-0.18688912737982835
-0.4681522974414438
-0.5836867416310164
-0.7707719925125502
-0.4265320561116347
-0.20232552790348327
-0.623324707962024
-0.8246910474830186
-0.8024672346774294
-0.7924119907913678
-0.6823548221702518
-0.2957380402676986
-0.25365447189426643
-0.472676406660254
-0.9301654025883545
-1.000932835600378
-0.800505699696758
-0.4091188456959761
-0.5429107625813712
-0.6836185998248759
-0.8740539222673092
-0.8219502045020347
-0.9358032669034108
-0.7482505062191537
-0.6329991016832309
-0.31868465651233896
-0.09484866223107857
-0.3293555776706757
-0.7217288717816699
-0.9196968022954166
-0.6446476661309317
-0.7766033601758737
-0.528925965771944
-0.42178254923238395
-0.450434811587927
-0.7122503576092093
-0.717378973785916
-0.13396584798589925
0.00960057430887594
-0.32352122472115724
-0.5202050587192725
-0.07813648677306655
-0.20868600269679002
-0.4922485960456595
-0.2616070746445817
-0.0318695056718003
-0.02905437238261796
0.20001248621391723
0.15295569511240142
0.04978322219048743
-0.05325968132521418
0.24614556727531933
-0.17533106467474444
-0.11936104714009957
0.4044440796683322
0.8103777323535148
0.07134379265932299
0.07477256688005199
0.3486420984704819
0.32061764499303236
0.2193209926398854
0.5888379759918317
0.3773497504218965
0.38818333077357803
0.6449305806815288
0.5612147291418351
0.5357671643808578
0.4937460026936425
0.5329530373431804
0.4428936397078307
0.5942212700196391
0.3095106065393578
0.49878188095732884
0.6411179602422057
0.5490357707577631
0.5329212956568006
0.623482124685023
0.5670842593676129
0.5509384330369721
0.6503999169399782
0.7415316870207458
0.9882397781557024
0.8002119016975974
0.469569030592571
0.6000421946212018
0.5625936950063581
0.26523991590982277
0.355740218430977
0.7119663874102842
0.5401345824519004
0.26538016466741
0.3972469496426929
0.8283601034906802
0.6862443302908863
0.1264075336708896
0.11103748958861386
0.7649394052693211
0.7655334831866142
0.5934055019570096
0.295432408166228
0.0562969806063558
-0.11853696690164663
0.49029387794735596
0.4725726707745857
-0.00551860894525085
0.1821445011541455
0.544389919977536
0.3699310605725462
-0.064811341525308
-0.07540552523752093
-0.019949144461171926
0.11854039568637079
-0.060254230420753896
-0.11489301845124981
0.1600016368874866
0.13312099089677962
-0.3013911842188625
-0.4627274661098589
-0.3533399149748974
-0.09308223575810205
-0.1807151918739061
-0.48614996614345546
-0.5777165162779101
0.0101957528016527
-0.03684925778085705
-0.5263078999701872
-0.756047363785706
-0.7279382897479906
-0.46765143168528633
-0.4374230375374945
-0.4965794913739025
-0.618812984196522
-0.5140232354242534
-0.7336078734750525
-0.878212779202858
-0.6545046084105854
-0.23755293694521054
-0.4562988888194468
-0.6254396068955838
-0.726532377349686
-0.491162037320693
-0.483550254048794
-0.22984243995421547
-0.6011047594376975
-0.7134118016802857
-0.6224706226684839
-0.3633923939904331
-0.5258951466000905
-0.4747388208110452
-0.4362235420602073
-0.5693645758749873
-0.6152496811538958
-0.8210619681801303
-0.5677798127465383
-0.5114851048959822
-0.32341763017241537
-0.535883974842476
-0.7198241215362147
-0.985429647870268
-0.3652223272612613
0.2288901097786698
0.11392718531051567
-0.5424712078086202
-0.5578042153601678
-0.27559729460095217
-0.32886924609168755
-0.18773375108785828
-0.15780727909776213
-0.282697670872072
-0.26165334350724856
0.2644630199586346
0.40670108984955977
-0.0171054836387723
0.17571358003662552
-0.042559613140611297
-0.040597588841304655
-0.1736851502291367
0.22111306611883833
0.36219295301813575
0.5556188864205266
0.10875309881695985
0.026333756216810222
0.2687282660397883
0.5427196880311759
0.44316712786957607
0.27809139925561
0.10102144214542931
-0.12149662150637133
0.32695130342348566
0.9209626353849598
1.1682304210331407
0.31906809103539613
0.08837268112484309
0.3807143370656735
0.5688859401023109
0.3266272471282369
0.7364418878261463
0.8488555322912539
0.4423320371011185
0.2823283389458974
0.715261893798418
0.6820565556828236
0.3618447398650294
0.3087299109425952
0.5836762950479607
0.5519636114860306
0.5450160056896725
0.5553211512714133
0.7849842572135333
0.42778168652329684
0.14315536981927016
0.3321402871952053
0.6023992804814657
0.741405840385777
0.7053086110511202
0.612226169936367
-0.16211051151668082
0.24424606822949319
1.132747583541132
0.9826804654952157
0.0034098235739783156
0.07391624240346112
0.42321474759812283
0.2273214923370391
-0.0227773533356063
0.5032886926999877
0.4826827872077602
0.011558889410804471
-0.40966384165931674
0.514536140499492
0.7202250951784779
0.4112327188293535
-0.3140417913411834
-0.35832290349994755
0.01556051508245407
0.2985357549208035
0.09015547496116748
-0.4961010750997203
0.12808456430250093
0.27331354382546924
-0.0393835831881669
-0.4517548919219986
-0.09596916873939342
-0.21104373460220183
-0.3650829680210038
-0.31328070717251244
-0.41826053609843267
-0.49529158884019303
-0.1182183143350686
0.11403807907695492
-0.2433559458519579
-0.644321828581995
-0.820418762883426
-0.2682584346098669
-0.40110983103794606
-0.7408800866136508
-0.8571810869923798
-0.29395322117259914
-0.7060579548064593
-0.7790686686701971
-0.5271875322696332
-0.32334547471146974
-0.7762186976879312
-0.594510775072321
-0.3276556977795379
-0.3485504737675131
-0.655382106252279
-0.6398045370417123
-0.6342352265205878
-0.47881128540041046
-0.40977104926485647
-0.618732382626366
-0.8290096430552614
-0.5896154564827977
-0.587246494215414
-0.5453976203825949
-0.5737322688394737
-0.5617268697159821
-0.5552374133722064
-0.5765705478605692
-0.20128722252181755
0.09420167080118383
0.029380171768191184
-0.505371190620723
-0.34881874549135594
-0.05145483299075415
-0.2686693897962267
-0.4687619856100098
-0.3763746206807368
-0.14633179687244638
-0.21947091905699212
-0.0024287654567334283
0.452943429412516
0.08541106591508849
-0.23069289326706174
0.057612199575661396
0.3934208255355688
0.03516045301006328
-0.3267281416193625
-0.10152670989459417
0.3007729050664216
0.6948994444857722
0.4347233720495946
-0.06649661094193285
-0.11851866918810292
0.21114123940801324
0.46629053148052824
0.5862445047066469
0.3420128078112462
0.17085050519998107
0.07827608720286926
0.38518808310539554
0.24388543087939302
0.5271680114769446
0.6970184738890367
0.7675257301075289
0.4090971634214392
0.40039371902907633
0.5627141047734254
0.5732006570894569
0.5673628717003965
0.6477098972871504
0.6023560561821362
0.33379753611340285
0.38357677121183226
0.6055906121604953
0.76192055879679
0.72101922508935
0.5783197932658866
0.46570817519656715
0.3789432782718556
0.3014127467216158
0.3680165449845181
0.6687824616177922
0.725470223486869
0.6584757249299962
0.3918182277884708
0.32885819361890894
0.2777515582314361
0.27758495870181843
0.18141852975369624
0.2539960753110111
0.20901103630928963
0.33990024054924345
0.2758738879684194
0.23220088047719506
-0.1809310054408211
0.2714408751004527
0.5346374940638868
0.39770341285939703
-0.17353213194984374
-0.11400558481713123
0.04944787506064142
0.028686982314627598
0.19306415878508892
0.10390321557186562
-0.19162986542037266
-0.2694734911851488
0.20141956720791512
0.2446507582586544
-0.22273631143344844
-0.4472229622844566
-0.3564145335110047
-0.2061247432013765
-0.07314687592427346
0.2167209314652524
-0.2667619402853873
-0.7626522746430221
-0.7395215929856741
-0.29837105705095684
-0.02176268724675986
-0.17253628883504346
-0.3682520517401095
-0.6558996230301869
-0.5828963373896975
-0.6453547899571234
-0.5881121865420414
-0.37054728453530605
-0.615164661401759
-0.4257527705585771
-0.4912165100769269
-0.6042940068265005
-0.8628030523675976
-0.373774743631054
-0.3990781737918832
-0.9378833763089828
-0.6711048095312335
-0.44361143605425535
-0.5170050257541795
-0.5906473799334949
-0.31048818745859746
-0.35984118818104055
-0.6207091426318295
-0.61129965406504
-0.7155201211154006
-0.11787078134828029
-0.015733271369561565
-0.1760024612583743
-0.5201870382130069
-0.5619682777922393
-0.5465798966528229
-0.09400241098093504
0.10716216913407085
-0.23716240673064448
-0.39461143473371535
-0.3382612401440871
-0.1811072284922398
-0.2468931735241568
-0.05492459525629041
0.2966360372831627
0.39138970816186075
-0.0749447226800771
-0.18310098587076656
-0.019468074746801168
0.23209837434597505
0.028362168853969534
0.023061599561028132
-0.11817474452689045
-0.029268546645363346
0.11452440751258251
0.4559404230914694
0.425263882889478
0.14545819250956527
0.10150828220012643
0.07442470598068202
0.4096418308375431
0.3286170593470507
0.2405867570909163
0.3629364589307082
0.4884941921914281
0.17381819763252335
0.007508160498857199
0.26665590860889204
0.35754423964843457
0.44144508168469726
0.5994852482241356
0.6917910725583244
0.7139096806329281
0.5934430095436923
0.732456823578116
0.26794123457910224
0.1958391376715016
0.30419088422826746
0.5020220787492995
0.6358425376239066
0.5405443296883845
0.5211377337968593
0.24850315131130685
0.6101623130080803
0.3240671051072105
0.38643412211066175
0.571051675322048
0.7076953432010147
0.5611526811790657
0.28090415019548415
0.21298217235675682
0.022693079765156346
0.18642281325789944
0.11562924818920273
0.22574870107681436
0.42859149267570057
0.5154728811399085
0.2276736032173844
0.2560036789826406
0.039385643678235834
-0.084672442857605
0.12366976427564107
0.5653070831346604
0.4131143998955829
0.10823301196174205
0.08393243281233127
-0.20948417880048179
-0.23749612515879692
0.02917599087335262
0.4051635291141733
0.09257845427393308
-0.18911973717164593
-0.308694944956171
0.10911751377531179
0.27076834466739985
0.09205765611465443
-0.38220009535200444
-0.39978118341724767
-0.2206538765971319
-0.29282085932372404
-0.3826858063829894
-0.37464715480708094
-0.004006847000471691
-0.12149394173556512
-0.13982907367587133
-0.5894733350657242
-0.6329749610566031
-0.4273604429835058
0.026565883179359463
-0.2865052267739591
-0.38861654180719996
-0.24723188510331717
-0.34025306229793756
-0.6914186187150483
-0.7998785145089632
-0.5283355437618523
-0.5389190054557734
-0.516983132344543
-0.6036640103866053
-0.41869481039738415
-0.5327273508571729
-0.5066390927940483
-0.5598961417242385
-0.43941430706392826
-0.4705278561969847
-0.5420442163266238
-0.6616026193218769
-0.45659822443452325
-0.1782232850543229
-0.027711910136036043
-0.23895929424664375
-0.28581757124287877
-0.5742816204676958
-0.4283560617126377
-0.3612350037356297
-0.007051697664156867
-0.09039996860437331
-1.5218536184626312
-0.9405922431496991
0.5282177801676787
1.3061433282653845
-0.3920597475934288
-0.3605759041721206
0.18674150203579654
0.454266736098989
0.1297834305782347
-0.3461744466432196
-0.3593698087127021
-0.04646018250081451
0.6086441307646117
0.23211744635841555
-0.21841804403462503
-0.17219901236349364
0.3078008173109528
0.005274169318621514
0.21737323004485565
0.3212837131584894
0.6677771648855473
0.06663690475564099
-0.044447334199408016
0.10294627713843797
0.3766974640495132
0.17208843074435248
0.5175013842174214
0.6342040711240375
0.05973309785539583
0.11262082459890041
0.27162109201631085
0.1548724565974991
0.2540727745389166
0.5972937882904266
0.381887809608556
0.34467052760671507
0.09558614589663053
0.3439867150050618
0.44549525002143825
0.48248959311522766
0.2838013774788291
0.6127642566656208
0.45720964253673496
0.13890319818068977
0.45633427591338566
0.47252871040035366
0.5056172056386916
0.26576483370618664
0.3229234016354658
0.0207107738727426
0.48120742031761143
0.4634161770557909
0.366654656185983
-0.09986288134190356
0.158951781150248
0.4009479894049852
0.5366006628254799
0.10099809118389926
0.04816395564203628
0.36786856008814706
0.401467399556111
0.26177139477794
0.2859948253287284
0.2925909371199307
-0.16377767366718607
-0.17846446548116823
0.3468043083821854
0.6924689483494536
0.518071016862312
-0.030802116752258964
-0.24796937096838786
0.008681074588612569
-0.03386431160091806
-0.033696128234431584
0.22782196011766573
0.34477670618701134
-0.15902311472936573
-0.15045416111777798
-0.08972733188988313
-0.15993767949512805
0.13767269542467678
0.1889163149400131
-0.046195916941035045
-0.3962566960410116
-0.2841811627325494
-0.32229066049959754
-0.06766206476272574
-0.2963125551737445
-0.5224904130187844
-0.3052239315313749
0.09710369930158884
0.0811990060144242
-0.2908432226542111
-0.3803693573866835
-0.37841584341485035
-0.3502577357033998
-0.5270418124121835
-0.49867515611043584
-0.26962722593023636
-0.25610201512298
-0.2297390937495375
-0.34074256809516695
-0.2130487271195468
-0.38445486215387087
-0.5499861835051131
-0.6360214370737285
-0.3015729580263943
-0.5997454659487047
-0.7062303128979273
-0.5569279439599302
-0.29154374045467407
-0.3443689294750677
-0.10486366985514999
-0.17889226698058425
-0.36958832914022993
-0.4373521310347342
-0.23828672367296627
-0.31952380233378286
-0.38278805037663266
-0.31733808655531687
-0.0636744048850879
-0.08884939439263259
-0.26040865115174927
-0.3016330706589547
-0.10526678576913026
-0.1811446053496798
-0.3423297685223715
-0.2532785358125794
-0.2176021176162978
-0.20267986447466382
-0.29563113015849946
0.04193588746366932
0.10863039018563668
0.32913881722901855
-0.05818270425931844
-0.1301554862602954
-0.07005703001961892
-0.05075936346630939
-0.10514395937955522
0.007654741996013685
0.24662502860057053
-0.06356818522107084
0.02258885593978276
0.07066435702043018
0.1552297796991358
0.043711909544243054
0.09652403329109746
0.27152331577922256
0.7073205198816869
0.5125028995949854
-0.12692599365169915
-0.29598262919054513
0.24038729373083187
0.5839942604957757
0.43488306632800994
0.1354368437101899
0.18968821436536576
0.2834135156819796
0.15433730028766607
0.5279567042905922
0.42803128064221657
0.2850632987874151
0.03333612092071037
0.30087826645699145
0.2810618419684812
0.41117805486213055
0.21354694452815515
0.2872597933501186
0.3325567288427556
0.2821902613050778
0.0998438669760734
0.2049277222962469
0.4305085242966699
0.334606913204884
0.20546215064091858
0.33435720810191794
0.39245473074896614
0.3394686854809797
0.21712522655285216
0.46979358435271495
0.20934312815920025
-0.12889564851254634
-9.57023454551854E-4
0.6478505266789869
0.6844961102769987
0.11937932839556101
0.1573885216277138
0.20615637544211377
-0.03460550317680948
-0.08658517199489134
0.08185515793143892
0.26980060900269315
0.2968890931957404
0.38649901850572654
0.4609214451694032
0.33175500002225117
0.021170223627631417
-0.10685075884940966
-0.09066321585649215
0.042614942000457116
-0.07369120222333347
0.07849587984033803
0.12650604613610178
0.25945312893232964
0.06417647641724923
-0.20605138785996396
-0.15964765374389794
-0.1335350565554885
-0.05600244206152349
0.054372766415204894
0.1166769701695878
0.007824520435959456
-0.25463552969325853
-0.5302914002683968
-0.4466708160432822
-0.0714935052180969
-0.014891670031882246
-0.4014094549080557
-0.2910000058464454
-0.1897173989763836
-0.13181422671308185
-0.19661607528252453
-0.028589928441290505
-0.17534055792080283
-0.49216390104915525
-0.2352440710890147
-0.22726953586565318
-0.28985845880816136
-0.43468776105248874
-0.018016983249045607
-0.3571753358388713
-0.39950210308926115
-0.3806836264834724
-0.2256964622097696
-0.3770231647305443
-0.27287115392279826
-0.18881119492196533
-0.16631268017680742
-0.29514199976110267
-0.4756460091669952
-0.49750015917894713
-0.1103044761035124
-0.14785569466567364
-0.20215559808536718
-0.3949156400648905
-0.2756115491908537
-0.3132940675542536
-0.3368233207546047
-0.36420929832490095
-0.037352957484788535
0.11727221411980931
-0.125730661793348
-0.1543219353701342
-0.1651709841635444
-0.2382454152566529
-0.3639424465951458
-0.32092541982568634
-0.2893494268865378
-0.16857746690907516
-0.1151735238748247
-0.31488700303964956
-0.3639883117816484
-0.014044782226965912
0.3330025703242233
-0.009285767769576313
9.59284859694822E-4
0.040552038835211905
-0.23129879622075214
-0.12158694524564102
0.14072271756499377
0.012882084130782484
0.13541870344562215
0.24726445471318942
-0.20680219320617935
-0.2333423198613355
0.5438874375199065
0.27778281819223644
-0.1509863810581115
-0.1470522596732226
0.2098981050728811
0.2904616074067135
0.37286514498984796
0.21587020203272572
0.23616565883798632
0.32439350762301433
0.2771854878782551
-0.054847201269278514
-0.004234608717009868
0.14632339341677528
0.4899837320147041
0.2957379193382949
0.3004968878398493
0.214694301280854
0.4897744040090629
0.2840830672870512
0.1825672815481599
0.07614275413895738
0.4473339283644243
0.5473288193164298
0.37784854885291025
0.1358505570075902
-0.014446615112181165
0.09239747900495533
0.44832794030829753
0.6864588344285137
0.1916298361458824
0.042292104670786805
0.07295879457320086
0.41261354360519786
0.18381593412257527
0.3248135430800473
0.23798344194265156
0.3977321454677054
0.3530416981841566
0.44466983756007056
-0.004744405457089091
-0.3346565176181438
0.06490085647850762
0.429387181401949
0.31842156805992755
0.1514877394469351
0.28955015136718093
0.064220762449271
0.03166595597597542
0.17123937723330518
0.04613201123333675
0.012174295798707447
0.19892694982330955
0.08559441938598791
-0.24134138701841257
-0.14975931258977596
0.2992010969570146
0.36604061575670543
0.0340531133307732
-0.3298475486197224
-0.10301672381878647
0.021903650155539366
-0.30189429558911174
-0.3509685520713076
0.12950092527124735
0.3499922208743243
0.05488538057773131
-0.35238387947225336
-0.41192605789555964
-0.3256133074110399
-0.1614211434418483
-0.05885615898634614
-0.03316557726628391
-0.21705081269473775
-0.4613314772244768
-0.49250852112730226
-0.07034433713114781
0.012310478581021555
-0.1299726118786947
-0.4112791641580433
-0.15725588073512647
-0.2664480697391363
-0.18248205628985698
-0.1393531579578615
-0.122351969220464
-0.4893997786833817
-0.3910961171273871
-0.2865165353267563
-0.1274416337137387
-0.20233432635390333
-0.04487784590963969
-0.171015841541922
-0.04757928093640485
-0.09017332243826873
-0.09222075434056987
-0.5998529146757745
-0.35562062812186457
-0.10965472502732915
-0.012522373919021982
-0.22396377720488422
-0.23458715713602205
-0.2612615763600195
-0.2271486145777144
0.026030481056076603
-0.06690254016614094
-0.28165721421413464
-0.4192869609939736
-0.3019907422200622
-0.07379746820607194
-0.17783681216450942
-0.2344457372424254
-0.3711625725223446
-0.33078546682506615
-0.10039406247299722
-0.00808414787690004
-0.07263910752575244
-0.18094904206950277
0.08400122786583585
0.09274832016535375
0.13286174877511106
0.034774293932475095
0.0925812336951409
-0.161325543328977
-0.2434831707765877
-0.10196067682567256
0.015465268437458608
-0.0345078641704087
0.04066500558568625
0.2623976115928111
0.3496288659329872
0.17163836429519158
-0.017797451966844294
-0.07796326842962106
0.03536801351263026
0.021117450206897224
0.053290477080214976
0.011957249434985356
0.16128758447751285
0.4793054984885336
0.5364679680600517
0.2578847991115965
0.2282781314990958
0.09289943609790748
0.12910089468360672
-0.06839174614554155
0.28177599229257877
0.0020962115241302324
0.3009672765236936
0.36776544514854553
0.46240102155690094
-0.011288099164169963
0.18853043983087533
0.421461127176057
0.4175843164832206
0.2011584015161552
0.12328911081184447
-0.021176117853951727
0.3292829966018366
0.4819481753987418
0.4471791642909648
-0.012740881618673415
0.1291360754942556
0.11636809615475135
0.25715987761313935
0.19689446489865525
0.1950106874338741
0.09394011084872782
0.3423586876526732
0.26202789098299184
-0.010092825178620016
0.05811481446088866
0.30015237447349924
0.17419427277976776
0.12451456890632966
0.3608605863646536
0.3498992572783424
0.19440140587743093
0.05959250410962145
0.05978310526056492
-0.00172774769460726
-0.18109530417175987
0.08446798832933743
0.06326536087022118
0.13262633251255287
-0.16533684517819025
0.010811433977996042
-0.02134124714229187
0.11214722790665621
-0.029420158135684413
-0.06882287214632235
-0.10436816112146322
-0.024534896685013817
-0.03436440454870801
-0.07067342292540402
-0.1102130959862489
0.13930105448309535
0.10731821202786956
-0.012281778195973215
-0.33970504259859563
-0.2890790660360326
-0.22444261368222024
-0.1165100922788995
-0.333772057165924
-0.2889380667874749
-0.33048465229905877
-0.2684716824414959
-0.18404374861649456
0.0046394294612642556
-0.2961250718881593
-0.3921816583483437
-0.03005651073401641
-0.08053830757846865
-0.5088264156998742
-0.2915699133824957
0.19650143389990393
-0.08369362996127402
-0.41605425869808127
-0.22308621485812946
-0.15306008167895718
-0.29427382764566984
-0.2545139573492545
-0.10562760996553307
-0.23766313913554166
-0.31473909877278977
-0.06530130856297049
-0.08657154827570229
-0.26798117585649334
-0.319283587054105
-0.09209061161148983
-0.18816909699697787
-0.09100861093542152
-0.3258165201587171
-0.27173114739403176
-0.25878126194545764
0.007698797556276194
-0.2841891138390309
-0.3833653532000498
-0.2885704311362997
0.09119315911414944
0.031539497679817265
0.10970285008671568
0.13523352758962093
-0.09078858439786726
-0.26646230998525533
-0.13396302045239453
-0.11201253094855015
-0.17545741209226567
-0.009857292428799132
0.05581056237761358
0.1322032021328311
0.03847143691894308
0.03368277545025839
0.08528986632726647
0.26062181698976344
0.4379161766685971
0.07004429190688774
-0.1701214633449074
-0.016848829732266764
0.29241572181218645
-0.01194534287662422
-0.020148700285900902
0.29637346715905283
0.16847484574252547
-0.04167862414653704
0.11600201770922955
0.11965295802204765
0.29211559956412153
0.1500644533900578
0.3560823025294198
0.0358965563372705
0.27989623918299406
0.15771274049999437
0.25160172782386436
0.17512224023932185
0.2815367217555997
0.5283485245880764
0.3860186856261011
0.16949214750730301
0.01744951374486415
0.03975615223471639
0.2938114688117574
0.430593894040516
0.3364587194462881
0.015277181679685071
0.18130665769230322
0.11842733966814582
0.2272403933456393
0.121081700008672
0.33620106803915256
0.08099894473810061
0.2377684419560264
0.09113795080370916
0.24604724749418846
0.05976177633559066
0.046825772630897516
0.0029796219615532654
0.15003425942952203
0.12027865922427082
-0.033516427691157764
0.13034566976537457
0.18154344586797716
-0.04930922297282046
-0.14745051107250554
-0.11451337638285859
0.17176298773175241
0.3432457474963513
0.2893491692644898
-0.1433825208739505
-0.1973052284886532
0.014003163739809726
0.21692154393319055
0.09785444762344313
-0.2721144401676575
-0.3540754148437901
-0.09771546590314092
-0.0951666402684282
-0.09305759501413205
-0.01630089089027773
0.057307834975779987
0.02195980753750602
0.07380167448841221
-0.02786971969516735
-0.18876614761085178
-0.33746168498853973
-0.29270457881314155
-0.2944534899343982
-0.0811480130062903
-0.22832950806763588
-0.07154409883359464
-0.18129937146324812
-0.25771579512815007
-0.3500478508509161
-0.277580353041266
-0.1629795653008945
-0.32859898983530966
-0.2796127117572858
-0.2706719938330829
-0.05450308605170629
-0.24325720487593278
-0.28105117993883355
-0.22035846218453187
-0.32453374186495787
-0.22331982250768517
-0.17043236404611517
-0.15437111930274494
-0.2529559778057981
-0.04800677267561286
-0.0817614647481565
-0.07646795549188892
-0.4098592100354067
-0.2663986421809194
-0.03293383624623094
0.1477618746769963
-0.04014059164712513
0.105611587517169
-0.0701435330203009
-0.19253659717554963
0.005047619823056202
0.07310397490594618
-0.17986459036796232
-0.053757708278978966
0.11307275197011957
-0.14321471712466616
-0.41589485283144867
-0.02089588249435236
0.3746911461905684
0.2878769980149432
-0.26073459956190337
-0.265025520393293
0.3973876993670389
0.31272126139924117
-0.14230243247997384
0.028753629469531368
0.19541998083057152
-0.04387138558505485
0.04767907439521712
0.34565681696021017
0.14721016509243215
0.07953620763218211
0.06637949643377263
0.11808507326527332
-0.025377374827417136
0.1834844501868558
0.22024843142066639
-0.17066455167465297
-0.1748206763425478
0.1918621609988964
0.36955682252616623
0.28383893944580957
0.2532203148215267
-0.13499743260705072
-0.12345765253374667
0.15708192753258185
0.4020434038612311
0.3739040459772994
0.2810023226481242
0.0733492163099891
-0.022657057028838697
0.024492455510828955
0.046995918064246085
0.25376852769875197
0.41773480587064094
0.3316003655303688
-0.06945808401269483
-0.1305103316445295
0.09794489035975518
0.2692414616455932
0.031139275356014337
-0.013771521031869068
0.14965572542412325
0.15323299514958608
0.10235457175867753
0.3625340693576805
0.22655387487240009
-0.16060183109157355
-0.24595642475156596
0.087709317432934
0.09200840458666099
0.004254462999411057
0.09643777729675955
0.0269616813948093
0.270075010945273
0.07901097456981063
0.14713984908839436
-0.04236805442143171
0.05009806841201917
0.05720716419057058
0.24217087746213967
-0.03884789808591563
-0.16226244603158446
0.14118944668987451
0.04439682443997788
-0.05347657929805013
-6.960832387644182E-5
-0.12300967986749205
-0.29326820701445877
-0.11353563182545999
-0.09165541444693086
0.08478642009552113
0.135088297287802
-0.0036765750804368413
-0.29988947984470554
-0.0994757786472492
-0.12561393202843626
0.0299694351890134
-4.120585976656351E-4
-0.0489884867355065
-0.1680176025642862
0.13076007537648554
-0.21953683981473032
-0.30018332789554436
-0.18220163229679265
-0.008089551907734596
-0.4674150030456272
-0.3979321350911867
0.031154810584115355
0.06118120885798681
-0.2572643002592768
-0.25323483154911847
-0.13140876654483394
-0.13666801525088138
-0.17150569124662152
-0.08407411396442296
-0.0493784369564565
-0.2812770747507459
-0.16348285982430588
-0.18565866119231406
-0.2541562079662245
-0.1284893303574761
0.011105010503477442
-0.2881544633663124
-0.3279698470744518
-0.011927923628972796
-0.06430988450149208
-0.21573772108718287
-0.025496881981770556
-0.0016779227198562177
0.03330257589064274
0.0013859347627576586
0.018833092779769613
-0.09051821469350771
-0.02618178868263476
-0.04312062228686906
0.19447953915962407
-0.04613298483568398
-0.017519050036465634
-0.21411842844579723
-0.19238142013864995
-0.10657842192370183
0.034665278200579665
0.07715966367021664
0.017702380674348196
0.017014312793964828
-0.007948793007903963
-0.057321072361860556
0.12605252747156753
0.11610173198516559
0.32959413930633985
-0.10697721161618186
0.13194342869367168
-0.017710536891379587
0.3096622170404909
0.15121024473334874
0.13695665335951804
0.017085771383030697
0.25943900715327345
0.06615748604693372
-0.0726487759086758
0.2138029824593843
0.17297233824774716
0.07456510296875637
-0.05444551020276774
0.03948849314184228
0.17356134750048827
0.2754448357943374
0.19834241067729463
0.022192149851574777
0.13162772605723616
0.11595229976405301
0.10196889211201898
-0.05286577668602903
-0.03433924804118435
0.05327222245274494
0.0648984138060716
0.025359499329141128
-0.11327679479038509
0.23670736145946794
0.32131390945638333
0.4013051750080123
-0.02514978080500171
-0.13010402469630128
-0.05276073716161252
0.29635692822390514
0.1401634202371463
0.05776489874411157
0.08635283661641725
0.12100000440312385
-0.011570745656831263
0.21876097801728625
0.2618494746029206
-0.07429973980776404
0.12273403782273264
-0.037846078288573295
0.0342535452604592
-0.2037936314994976
0.456487387424323
-0.04170966689657344
0.1763934685313515
-0.15286202568700058
0.25559462092941454
-0.1178960871206652
0.13616616469235499
-0.05859744823214818
0.07179608405818404
-0.18741917353202306
-0.16959694908946127
-0.08954614750687999
-0.027328793437646756
-0.20234414940113774
-0.18031318559248205
-0.11503683793652288
0.23115839891459242
0.04520920262105989
0.07060596913137816
-0.19737838813373668
-0.22835742526857625
-0.216054885366187
-0.008968458691556557
-0.04421093318226776
-0.17292655031701135
0.07792538792746716
0.059805239907210095
-0.1785130262824723
-0.2169599220915873
-0.060882868911175295
-0.1805576678993197
-0.0189718054131491
0.09579286218613085
-0.09026235291962612
-0.34833690324234895
-0.14769139967668615
-0.05074983679004844
-0.05125906545707431
-0.03631336319118958
-0.09423120926415661
-0.22158069646117165
-0.2479070866499498
-0.1634970169656579
-0.04733701748435697
-0.13555419585362818
-0.07156435921764442
-0.14865275356890623
-0.09862275507696146
0.044344199725084216
-1.55592746519188E-4
-0.20513657124778104
-0.13420392852706292
0.1731168141935538
0.0884548849520669
-0.0831939629344291
-0.051967619331611405
-0.28341553196943253
-0.0827955859469512
0.14059947200555778
0.038068897231928925
0.006422926310298796
0.0927833504143342
-0.0525400856720898
-0.23141743229786468
-0.247208980081498
0.12707652636140254
-0.1925152160646875
0.11650059724001258
-0.16122415537432588
0.30398569063373915
-0.22230261998034484
0.02627903080827465
-0.10278321646766388
0.07457464549803629
-0.016446663424738786
-0.06710829537374897
0.2794281980965921
0.2682979664504728
0.08764068527862881
0.07649895499081186
0.08189293143873667
-0.17216926163178023
0.13870901420442072
0.544971774831796
0.05579186618885301
-0.10109739276381642
0.13583438169732068
0.29601477519309366
0.050530092946704554
0.02743295176022963
0.04661252352617106
0.16222041855691066
0.10452082333224189
0.09758110049767671
0.07911259305748901
0.0063469797030626185
0.019423952609815564
0.27986762528453296
0.4155473082694754
0.24157747851029393
-0.02735596686624596
-0.17364881145395272
-0.07282395544542915
0.47829523368262433
0.3183055576438257
-0.14965697334373596
-0.08261242538501323
0.30829910954497647
0.051126877645209914
0.0743744447479351
0.0897607443774584
0.11681872302609547
0.06307924069778592
-0.0933992515363533
0.04402519978624829
-0.0908537764534204
-8.066572438204656E-4
-0.1515064315495077
0.18570822342712356
0.08635314652652792
-0.08396887014385178
-0.1857538328827821
-0.06393263461284368
-0.17631493255558012
-0.2598735851175854
0.11394540128558242
0.10194557530845674
-0.44921909363791973
-0.14391287254173646
0.18287833242239707
0.07790364335580456
-0.2245427542016652
-0.18993916825547347
-0.1505462556413529
0.22581077042775155
0.28452212264872706
-0.012857495152083535
-0.3496252615244743
-0.19171971290787324
0.06916645181469484
0.11542098975907326
-0.1555740357574078
-0.17261806308911773
-0.06744376781787913
-0.1438133817321394
-0.10017564688960003
-0.0723930749852947
-0.09783097781876804
-0.08350627010189986
0.09460579024360094
0.009603242766343533
-0.00849036207438924
0.028639874783273497
-0.0322070368659279
-0.08664068753547843
-0.028418685316289608
-0.015626828844152854
-0.060435954023453836
-0.19557414828522546
-0.045107162888087284
-0.1176390087780208
-0.037199554308006595
-0.007976638060081162
0.19342893729474767
0.02632733721199989
-0.2178269336493737
-0.10679272615073773
-0.13396435315994742
0.0326742460963556
0.1241228415277493
0.2342480843487661
-0.20688331514940222
-0.22441212345501776
0.2169337591837979
0.2816338220185813
-0.0832007621682009
-0.44106265841713377
-0.2083470456897123
0.04294190035561142
0.1381256066434871
-0.24271238833595843
-0.15823811373537192
0.18151966233533126
-0.14015255853279954
-0.29375462933799423
0.05466637164237411
0.1001379801248712
-0.2472944769492224
0.07912079399036244
0.09507161000612062
-0.03499512262460312
0.06118775077106835
0.10250680867389957
0.029974884589827028
0.022604501426903605
-0.10682918129287595
0.08685219116432764
0.3510494829210024
0.23487976179715853
-0.04909335806622271
0.007262211102236372
0.11788512914549955
0.3047527379009352
0.2282744365884402
0.12977566236659158
0.0815005736393512
0.08918114245614515
-0.012909587957081282
0.018411285529117326
0.020107395901624713
0.02737300992063096
0.055585876801472395
0.17043873840539134
0.31129285641259896
0.2857763978132436
0.07007456061770183
-0.1630825362787963
0.05022398836821899
0.3812072701959279
0.20150759641671145
0.13670719473368098
0.09622156520523281
-0.15516961470928528
-0.21386373715325216
0.3149838213095883
0.02982453635755121
-0.2666810547124484
0.09124033051850536
0.08381650211513798
-0.29703124122434815
-0.07842807254601426
0.22428849880462565
-0.1934318990589897
-0.4241956825205988
-0.057825291924829596
0.16447608741135178
0.07320885766200458
-0.11234757795062379
-0.16827512394494162
-0.30587986216051866
-0.19664854866864004
-0.09225980426108843
-0.05666257205076659
-0.02129205322196646
0.008229131420923843
-0.011652630468082426
-0.046660459504187395
-0.02938275196597443
-0.0316418206754861
0.013702981252137217
-0.18431513065771327
-0.33685832361441215
-0.16044368739771356
-0.10496036978348752
0.002652828945826381
0.16188576294069387
0.1505175488095611
-0.4942935788825504
-0.34051497253059015
0.24570213338993058
0.17878670895300616
-0.33767627894806246
-0.10459266204875568
0.25532263330974614
-0.12132835908649141
-0.21285625382900394
0.3022219743017279
0.25402443209569303
-0.031042548599567128
-0.1626634765295046
0.13270748805752478
0.19052221364665214
0.05264318979729216
-0.17683943475916145
0.0723084540870757
0.3506645521428634
0.08634117186636228
-0.009863094514410508
0.13804148825097337
0.22933475865864208
0.09298422904439677
0.0016764025886323044
0.008517342175490876
0.049006158479202616
0.033953320910927
0.05773485400917506
0.04423505453576662
0.31320868649768874
0.3420913791778903
0.09652344574280468
-0.11048016974463638
-0.03467330122726504
0.09573123072430731
0.12641771516746264
0.11475243874258889
-0.2457934528086344
-0.04553945790150039
0.2861950792752584
0.22796170565043997
-0.27395266107069427
-0.2009870165740528
0.1145669576951901
0.26774398720581194
-0.12204170980617544
-0.42376974302609616
-0.2414085683468438
0.1589627153114945
0.05740247449770862
-0.18819525316378183
-0.25586067100115695
-0.05124412721256358
0.01849092776479491
-0.13283584123310324
-0.23896978265642005
-0.06635582042820085
0.0736025270607056
-0.00986127147743314
-0.025489289505857365
-0.0677814832073959
-0.3532273085591374
-0.23496865928551172
0.15307515954690717
0.24921728365395543
-0.13810065752584152
-0.2243347817966716
-0.09631388884632887
-0.08457891626956222
0.1383947974095174
-0.02412800420185545
0.02877440201186754
-0.2919366537287513
0.11494754256170499
0.25387910413176046
0.24347175119750533
-0.2252607865265173
-0.20205023252157608
0.11939270663545555
0.17033619276464745
0.17735489056801568
0.13662936381277951
0.19172434849172715
0.011739814529137978
-0.007980810545186985
0.10041924461908573
0.09141353519723552
7.70974743671809E-4
0.004455579930858172
0.018313346157344857
0.02588149721402226
0.012200670808251778
0.11320892419739394
0.07572479285263367
-0.05018796943575923
0.03978713022778148
0.34187159340223333
0.21494425997600822
-0.18355536580396414
-0.33686516617971946
-0.014809171334834077
0.28521109592962346
0.3626591155502698
-0.016856102273246805
-0.22137421651013828
-0.29615378085881755
0.08163745700401322
0.22818585970639024
0.09227395499009418
-0.21619540854083633
-0.2255869450470277
0.03661562383224514
-0.01925899459482169
-0.09905737704770277
-0.1395931890279552
-0.03622194673608042
-0.04868372500612294
-0.0204445570871283
-0.019066225551370226
0.011481686192129697
0.019993671387521485
-0.11874782796092094
-0.20979563119619354
-0.155863194757093
0.04569423107304885
-0.03586584729602002
0.03609596628588141
0.15219098479929874
0.24253585032586575
-0.2540394563416776
-0.19122897252100346
0.004038741799218453
0.15776650349695046
0.04185303008272462
0.12334212513176253
0.08641696573316474
0.14573607127430585
0.050664938871241044
0.01918305063646235
0.05691444721979623
0.0035032978316783987
0.06143985955430088
0.09646939448077949
0.06772304737308989
-0.1182512927198936
-0.011838558028097367
-0.016177968734072883
0.07028368815243538
0.05279912746443968
0.03874955044049647
-0.02031790621911583
-0.012156907728664014
-0.02090800320512313
-0.029922471029838586
-0.03085962017012335
-0.012142355616001388
0.020705360484560547
0.014272021896072835
-0.0011480818666107545
-0.0029276119283244764
-1.900380376943115E-4
0.0010944304548937624
-6.631007011606775E-4
-0.001403098194028694
7.610710350672188E-4
0.004766347478975455
-6.023607551472563E-4
-0.005715568470995026
-0.010755627517978377
7.703668185006012E-5
0.0023854528701327147
0.0013295680855679654


