Bille
a_{y}


0.22919016440291162
-0.630272952108249
-1.7762237741230655
-0.8594631165110959
-1.2605459042161762
-1.8335213152237433
-5.042183616865207
-4.010827877051846
-2.0627114796265995
-0.22919016440297638
-1.4324385275184721
-2.1200090207275277
-2.807579513936455
-2.5210918084327356
-1.2351068570330388
-2.014607307356543
-3.928060916963353
-4.184921691668085
-2.155754739413117
-1.7728469021340063
-1.847866109162763
-0.9197246785887148
-0.9781800315262714
-0.7470461915545107
0.371049622823085
0.7071932808084817
-0.3990833503966956
0.04258778349741594
2.272432371585957
1.5009645857864824
0.5000983926788211
1.7888515315213551
3.106031994888241
2.590265067601351
2.119128962101692
2.671111951167985
3.201138614245454
3.3763166033093492
2.960973233709553
3.244104640303416
4.118897587088624




3.873970835953324
3.282064989025813
3.0119137179365296
2.10571906476899
1.9476449057268883
1.7426964355978458
1.2028196277638796
0.7911656480704213
1.4103584042140167
1.4919750821042925
0.8787430677674698
0.2542992933831444
-0.1083791349967087
-0.3347893893384673
-0.5373494388310527
-1.0609179145693615
-1.8256798777452026
-1.839089989038703
-1.8009922096742468
-2.6081631312776654
-3.2918359859455517
-3.2834137701172224
-2.3084054462510677
-2.722405489372683
-3.053471229164073
-3.4960169811910693
-3.0151834775730957
-2.9063360361667936
-2.47206257965563
-2.3438385079339654
-2.796731726063859
-2.446769806181465
-2.414088776146173
-1.5276105547236003
-1.1120194250584274
-0.4603745202784319
-0.5590437424647215
0.02811898999712453
-0.4500082794087558
-0.7324057152985642
-0.09309095492319178
1.3357767322084857
1.5660512496330585
1.5119718738368582
1.0400368293445341
1.787991462909163
1.0978720874923489
1.1615613188681633
1.0892792206206245
1.4943492234691473
0.5800530742045609
0.6530357087789797
1.1215946621185235
1.1825146988430517
1.0565078070605376
1.0730725087918802
1.2795172238028645
1.2463010333485898
1.1853115647596972
1.1778783822492511
1.8465662759423571
1.9119028876203323
1.235553525577802
0.9085197693063939
1.3802507909071717
1.5420980176327845
1.2604236030604286
1.0897291818227073
0.5333144683933504
0.8636555677054132
1.120666501126688
0.7363550925137065
0.08002340844226812
0.1185711276675176
0.19665426283028475
0.17040273050651114
0.15676260375947235
-0.06565207554760615
-0.1766403812487124
-0.6052214933252485
-0.35295794453171564
-0.5406244327588088
-0.5912687474798912
-1.0266647730509229
-0.6424026644600704
-0.719320012028278
-0.9814784047552058
-0.9948976978962013
-1.0446508761443223
-1.27495267691078
-1.4750492763836853
-0.9190835493832068
-0.9040565533481227
-1.2917090421172532
-1.4333013307863152
-0.7917525750101819
-0.5652650890706165
-0.5312651215650618
-0.6529720281139503
-0.47300772361121785
-1.2357559068399444
-0.7785550592797703
-0.8433389057961695
-0.7737752184691613
-0.9980593239537677
-0.44795053114855626
-1.1639976621431214
-0.7249124545187214
-0.17962781644505782
-0.3734840587269112
-0.3745289163621665
0.12679019089667376
-0.12395510428476952
-0.5599840663330755
0.6108856772460022
0.3806802116063422
-0.4843866106010488
0.13641344779036246
1.5154449530492242
0.8540494209013575
-0.5600621294665938
0.056810604027275544
1.204656872282115
1.3961553376383273
0.6808607937747239
0.7603533165324556
1.1661162260180633
1.2468729395893143
1.091364812890701
0.9326063555023932
0.8957697420152756
1.1593133507157716
1.5195275558713148
1.3015518672701072
0.4720586863407786
0.5480745696144466
1.2526228560177106
1.34711468423797
0.23520957752111094
0.084742216616279
0.6820578266496441
0.8124331411971157
-0.17341793734666494
-0.6391512261551445
0.022450787902086197
0.5269504779785545
-0.014940918467985734
-0.27933973688646374
-0.49164698546416097
-0.48235048537070097
-0.6302566955245549
-0.08920019165171215
-0.4121673607982238
-0.5745065313333013
-0.6533416244243913
-0.6882420053620806
-0.9132337118092572
-0.7932345674712692
-0.6331383425412783
-0.7882818328413003
-0.700324007058277
-0.7429703452988508
-0.840023871980305
-0.6137626276009918
-0.28475492054560214
-0.43253534061531734
-0.4071706840612321
-0.40543688600001127
-0.8313594803044595
-0.7551752104360995
-0.10353553658677996
0.15872055686824157
-0.3081078600449366
-0.4587328595271591
-0.567993423915063
-0.23342993292483452
-0.026744488204538158
0.029562036382666215
-0.12007632193579192
-0.019455849361235057
-0.3818170954172835
-0.268029042497638
0.05927361970013815
0.46066842405495223
0.756758031008742
0.46622460301352525
-0.06778933810658913
0.2244066815322754
1.2249037971301644
1.1465990966635036
0.5803598353026606
0.31951991861482504
0.8147397565926765
1.4648863726904935
1.2020405984191365
0.4307338262064517
0.17881140107069377
0.8868240459988548
1.190360574600095
1.0488490254841638
0.8747600363647621
0.5510344379208869
0.7459678112531166
0.9095017721188211
0.5432631869342102
-0.08509724595398781
0.19372912264057202
0.24201532762900607
-0.028051098746848253
0.08715712643371794
0.3134451488747645
0.06022776966479273
-0.2262958491520487
-0.3640520396365243
-0.4033837209903825
-0.15384040235468036
-0.14817525484402236
-0.5623542109649331
-0.8630895018352308
-0.45430635792701296
-0.45044623293186203
-0.6603577402924468
-0.6660211707561668
-0.8104261188153528
-0.8048991571454522
-0.841547728864091
-0.6293698648180596
-0.3946348579932474
-0.1719646146617456
-0.4589947735703498
-0.6390253757888475
-0.7968976827828554
-0.8250687034001825
-0.8298701659444266
-0.8717933360452224
-0.7913076918353185
-0.33521167961115833
-0.4885914718403465
-0.7639053336624192
-0.7458858527849168
-0.5702784072152308
-0.7331328958126472
-0.200965934069841
0.08052997169176779
-0.05446100506457971
-0.3758222242685375
-0.21801108625585552
-0.17008963558932935
0.00859675559657382
0.32078453026723386
0.38072564304772305
0.004438337934666827
0.24996009773789013
0.6804613913448255
0.5826435896973114
0.07674703313101885
0.32667698503318404
0.606265283356803
0.6970119049118345
0.7494732364816404
1.0245030954728187
0.9828943734172196
0.6478085998943935
0.6436189356335508
0.8302201713123534
0.7493344356295663
0.6084500447991593
0.8388885445160947
0.724636518339139
0.6987257317797808
0.6514115195252224
0.544457987439213
0.35884428466794016
0.436611476459364
0.0932832432866371
0.2239439207901693
0.5623434838019689
0.5835797653895594
-0.538571912725464
-0.4977677323541249
-0.040561256129873866
-0.11379492714875662
-0.5116333993204645
-0.3608625028231114
-0.10120745497942381
-0.4014047932752955
-0.40070773753414274
-0.2819683438720617
-0.25374843387718243
-0.5102395843284576
-0.5776896277807598
-0.5759854853415062
-0.7701790837469941
-0.6066792177968108
-0.16724740725277698
-0.16983208084304893
-0.31726710380704737
-0.3508779261812649
-0.5244394843846639
-0.7954131591067439
-0.8657500494253539
-0.34507714842457715
-0.1940522894569184
-0.30914993879739344
-0.4501210550637766
-0.2581938828279344
-0.16924804279160252
-0.0437512369829589
0.06115230515440432
-0.3897664752699268
-0.8244081758933274
-0.24884730472749392
0.3195369668898713
0.333769176095131
-0.23688694381642159
0.1899645776454415
0.485539501724942
0.4947576505293138
0.07597967856459184
0.12361199708959875
0.9849432220433572
0.7741169457607983
0.2863777515837559
0.19155569879942552
1.3356037192174268
1.1719701698038547
0.47895509412103576
-0.13089825894012405
0.7208194547090793
1.4229463146266412
1.2633135849666062
0.07985906892057935
-0.0673576906230442
0.5781602603408508
1.1794857270077894
0.7459373476715961
-0.25730798612051703
0.044884388105318446
0.9749906611396314
0.44005370889304807
-0.4560098190489021
-0.3454763591532812
0.6389839631019151
0.16522823075502888
-0.15489717374340248
-0.6616904996114351
0.17625308730094272
-0.25696444223488285
-0.7175704283273748
-0.5880222846551648
-0.001898005901815026
-0.4590031974225279
-0.6250461291868962
-0.27005616840036795
-0.5612367205493021
-0.7097824212933096
-0.712113170247278
-0.8131477301545159
-0.9368738332468857
-0.48045588151229096
-0.13563128574094188
-0.48688417008106055
-0.9094517819644506
-0.7078031182476897
-0.42424468126459186
-0.6426468336713949
-0.8477520573029221
-0.6156750873962483
-0.15371022798419043
-0.20326089167985953
-0.6128701101556462
-0.215483467135673
0.06689439069561824
-0.4664357287029685
-1.2009352809624714
-0.35223494282841816
0.4724682596215217
0.6697449657489494
0.014932585738304024
-0.637882482216506
-0.3907760987483638
0.10035376983651761
0.9642844573413967
0.9016669934451051
0.012885684168335094
-0.40304279326876136
-0.41035110078396664
0.21482048338931853
1.1707329070707975
1.973389440765993
1.3484966456777718
0.12071419427947538
-0.0704183443818096
0.2910460921539872
0.6114166246452934
0.2315740445160877
1.0582263272136847
1.7431694421800858
0.9347477486664575
-0.39807911099550386
-0.9565910223889721
-0.2049243271881409
1.2788745405432533
1.8492826994292149
0.7134067865146069
-0.39010162760364087
-0.5965565074507819
-0.24212681394082702
0.10525182885937846
0.38494979444757127
0.5476304676531082
0.3907311829561648
-0.16115202291918843
-0.9742254114094685
-1.4382422540166
-0.5058872891638451
0.7870486420893411
0.6160710061059141
-0.6095228520819403
-0.9492281688829493
-0.8390675529884064
-0.951628322738232
-0.6034507467151417
0.5457263642999856
0.9794744836571057
-0.1412555662973272
-1.2967162483410108
-1.4490008433170878
-0.9950800697123295
-0.18807405845908273
0.6016049902559494
0.32513143668462585
-0.5481363290421863
-0.7115064403818161
-0.6608588320276203
-0.7431455202662488
-0.49695935631731825
0.6154973664493611
0.5678523488180681
-0.6459119745699742
-1.0444058649520018
-0.3993473521910536
0.629297365903155
0.7898401123758683
0.797071168849877
-0.457165985021189
-0.6574492584238377
-0.20262540161664472
1.2213806841854382
1.370017385249404
0.6935610171254207
0.19705527176668797
-0.01275760006218649
0.11940200009590796
0.5799206556227429
0.9870826042733273
0.7434923405425938
0.6375574934105711
0.9621204002731422
0.4471862994735389
-0.22514994651878228
-0.04272273708818452
0.910554942149428
1.150461164776783
1.143134170628073
0.3041876224007876
-0.4552585650413471
-0.5033632426920275
0.4964438261563978
0.09464292592307877
0.6093799785070779
0.3802037426191749
0.28782471126984466
-0.926122649390417
-0.48578084705668784
-0.40338411691424747
0.3500318880654948
0.08104168178909013
0.22625372159993792
-0.5619002338111857
-0.9589312008667551
-0.9024661529501805
-0.2557744499815735
-0.5651725021385464
-0.2506370594785097
0.10949463913206943
-0.058940217901687054
-0.9462496323140043
-0.9731235316490596
-0.9364512789582432
-0.4946548581717935
-0.07256339339671312
-0.12330080747109375
-0.5394763023798255
-0.7273272165595581
-0.7551182150221946
-0.5829033564722438
-0.21841303369623769
-0.09848213524292364
-0.2616227129176148
-0.43328170124295584
-0.9421111451132308
-0.748313539449642
-0.4863223610638778
0.4099828378848952
0.4912267349123981
-0.08357148680459803
-0.3884112951814875
-0.10293946675018047
0.06223700064375562
-0.3379820273400642
0.12161338316306693
0.4426447622855999
0.7631907208501774
0.18828533489437035
-0.1729503832947193
0.10767403886002763
0.4635020862003082
0.7522600972150476
0.8583671637794441
0.7237344987122939
0.14937877031202393
0.13466024163463652
0.6860489176584645
0.8476727570250439
0.45746552974681465
0.24137436906250812
0.6284842442714338
0.8147968120102428
0.4416604716161203
0.2639701309120283
0.1526754434445979
0.49940494278690317
0.5933176665718426
0.7229206197603473
-0.11907789585706362
-0.41653782750134427
-0.011808154390572917
0.7093495518032268
0.37438312425786
-0.4739018394439275
-0.5746071587659599
0.06611438376528934
0.19099055944351337
-0.387403161562745
-0.42497619178579155
-0.22152504123881955
-0.46082346624843656
-0.6482816617838055
-0.44082017125479034
-0.07998416877570351
-0.18996277374404463
-0.39323910254520855
-0.4887743738878454
-0.2845421947933562
-0.36394178021622847
-0.3989217220081229
0.12069030121002594
0.3590530757961216
-0.31213115229452865
-1.0779814239536971
-0.7378271125034196
-0.6011201369306592
-0.36540438196975755
0.41686423414878515
0.36262768513378535
-0.8186219448165443
-1.1429190317677835
-0.7313836022501586
-0.27730336890598095
0.937084709394326
1.7708280048476581
0.7486309089432472
-1.281427495635684
-1.5589504387226905
-0.1931361918417311
1.859981840833949
1.865869521255355
0.6392523230714364
-0.6023836674185696
-0.5228652364149166
-0.3257823733756734
0.24593487254117063
1.0691406301377466
1.5664259432106518
1.081802711553978
-0.04088505166294961
-0.512371205441725
-0.23452703184393053
0.6193254070582684
1.2440277297845908
1.3435344840728014
0.49526020639475204
-0.13932368875322018
0.0033775681694007526
0.6129803966898975
0.4319127303690162
0.04073284049055638
0.3589275269924881
0.5638012008161462
-0.20831356007403137
-0.8987600516548234
-0.5701241395022355
-0.08891515571708741
0.8060135397719947
0.5206765873290248
-0.3164368031043379
-0.9660710347215985
-0.4492829862670063
-0.3243626176954625
-0.02766901050215002
-0.12171528327185183
-0.3140242597758063
-0.7767338507918075
-0.97189630815182
-0.6787051697305804
-0.21039706627331486
7.16440412121837E-4
-0.061436033851721285
-0.3837471540751567
-0.6985829088119871
-0.903165556406562
-0.7159501165438874
-0.2782058437587659
0.030572237094744187
-0.20885742960141185
-0.4715481547335171
-0.7549832387359899
-0.8181374643249951
-0.39580551673469494
0.03577566508979981
0.03455927501405323
0.06219319823999573
-0.2344959352492744
-0.36991581253477923
-0.07632572480489128
-0.15269686684632888
-0.46556996445733473
-0.05476008358982893
0.6437649837712363
0.17317501503781949
-0.6766615370519174
-0.26889422220826487
0.6638178750335472
0.79786189452388
0.24808391947766514
0.6228877030583367
0.8277071031547503
0.29321378998899833
-0.16743769855752938
0.26043516238242653
1.1201361835826837
1.169119124050057
0.30736664877889414
-0.4529244319009267
-0.20616462656758716
0.6354440800893104
1.0424534665775
1.0510461373293913
0.28850998939761935
-0.04431564481626302
-0.13558593813119738
0.39649775643829954
0.2912533265896263
0.3485652484414204
0.4305251238707493
0.43726162119922957
-0.38424913131596816
-0.8585240469861428
0.07625638206485906
0.8376551298175943
0.2222297897191301
-0.7971014215079764
-0.2498959608127517
0.07496078316048664
-0.5160097288665609
-0.8849957930217917
-0.15888154406827304
0.23231446454590862
-0.16880913441296416
-0.43797761813183506
-0.6962930294785888
-0.5717359814569808
-0.28790272955544405
0.21805090663807947
-0.1579837650223435
-0.5516206625261005
-0.5079560953363716
-0.09927171024412751
-0.4259285626202126
-0.8333046536415767
-0.356063576230213
0.3042991308732667
0.2925178587932063
-0.5658343452304502
-0.7641676836870012
-0.25656032916133187
0.5869538404173533
0.5437973357264012
-0.13277296780356646
-0.7006847370510703
-0.03485004028748709
0.7435575509943296
0.7599794122996727
0.16709081256905284
0.19579856397111142
0.11777723795115863
0.3064079707496652
0.033668027892278726
0.3603828351542443
0.6200854128896987
0.9818326298691744
0.33437281215254544
0.0018411507310659122
0.4107049655822261
1.0295441789042161
0.1732592638850618
-0.654138901207311
0.48216225711002003
1.7022855481051695
1.0053496567386084
-0.07721327547455523
-0.20637483829962408
-0.15608668371082068
-0.14580618099451337
0.32002919596328344
0.7104129202651076
0.30341304454967155
-0.3803039736959591
-0.4895661331989406
-0.33621310787044273
-0.1812273121907278
0.2593546244243093
0.35929810215536
-0.13461875133700715
-0.5010116785207153
-0.41819621054120587
-0.6447472166177254
-0.06614588187122722
0.5934238327882843
-0.10883382439326887
-1.2089411231779477
-0.8956750433322258
-0.3279761450260716
-0.5364525373428445
-0.4809621900952225
-0.10087535339955889
-0.0916238747552923
-1.073397562411103
-0.7511278434671821
-0.5544750135068608
-0.15809449605332737
-0.4191579236261864
0.3820271100639246
-0.21983080917495396
-0.6619222297879122
-0.42599576303952
0.07641265254045301
-0.2880025107214097
-0.36700291775891497
0.061689185029649554
0.0985197615425599
-0.18945196090771174
-0.30277988161464914
-0.3987527944223538
-0.47892963699435986
0.007505295908697758
0.5503046892964047
0.5620611318502354
0.1504874465019629
-0.04131961029662808
0.31221509016233695
0.5193122999952398
0.5759105609005577
0.44367385099327455
0.3444538337327819
0.19793856002145857
0.46383994965607794
0.6936369122803936
0.3952780323795936
-0.14475144583082858
0.07373058920674874
0.42556653695251295
0.6273488297240495
0.8553400393348713
0.8017416727995667
-0.12475203696164858
-0.36773007548519654
0.2526809659839854
0.48640299652714164
-0.07471823923389867
0.4951040912210952
1.0833667998483019
0.5799192241249558
-1.1282023168679856
-0.7839983490382174
0.1386130523967839
0.4267899607538267
-0.0918291078197231
-0.2968808343093304
-0.6211607761683869
-0.43246230286074266
0.14624581159313607
-0.045865953955384155
-0.41460125088018385
-0.12743855892843048
0.30855093102195347
-0.24565466563138277
-1.1506384523538362
-0.8328906361220528
0.18026704361658183
0.7745148978403915
0.4077275414973694
-0.4783152445857471
-1.4012335232169115
-1.2980807601225604
-0.742712326918671
-0.4762165677221735
0.20838704201428615
1.2232338767864264
0.4844094682757969
-1.174549643872556
-0.9503224433511273
0.7941939344752192
0.9861227095053811
0.10904490367621757
-0.4065742149382394
-0.4975021412972386
0.02268058579691155
0.8224752820290776
1.0560959957141693
0.09716818440193116
-0.7838318413837422
-0.5472638527340704
0.34368253468668136
1.1093703515063151
1.0685448419382306
0.5055942143458767
-0.31772043513571946
-0.2128957042703383
0.9033018698617358
1.174920380131297
0.07836797907049838
-0.3031081631553142
0.46575033188324655
0.668107209287899
0.17856894232728637
0.3845968211115244
0.5819606586499759
0.2729096491098913
-0.08294608421685791
0.0489854651536418
0.07235736346873543
-0.023472643583265465
0.009576395632603147
-0.06731350289061679
-0.5265498697350209
-0.24688476073308188
0.3664143088498617
-0.04534921864695677
-0.601587034617794
-0.35212488309193396
0.0650848551836654
-0.04803036444498393
-0.27726442786028865
-0.3477169355211807
-0.2970612631466672
0.02063803833986099
-0.32480119703698146
-0.413329276974232
-0.8273807675475148
-0.8378685409642447
-0.5967640624258231
0.1121895298377688
-0.09758631373922354
-0.6478170317628196
-0.5288060785947301
-0.442699582612243
-0.2965698086740468
-0.24584331439053161
-0.10664511934982321
-0.4089740219643183
0.05691955579983657
0.1999126019829823
-0.1121248340275342
-0.5799797629988271
-0.3645478579695242
-0.22922387945046938
-0.15879142414883968
-0.062401548054010735
0.11671496791346651
0.1554704018446695
-0.008312769315389653
-0.08977166915954211
0.06991686274473013
0.3825123223732789
0.4069460653962319
0.2381459890660676
0.4526625586216141
0.5201504619536181
0.2921423973462244
6.363101333663837E-5
0.4885521805922627
0.35429861957799497
-0.10363787144097555
0.02823491021112821
0.6916632885276429
0.5445439083663072
0.07161945317893725
0.4415671946444585
0.9218713465369306
0.39699798724703544
-0.26741402764570527
0.12548759369618603
0.5494946079023706
0.11758474503924789
0.02144493428916052
0.128992421355409
0.09528284132676387
0.3203850567294189
0.4245525965674451
-0.20329810072615295
-0.7219082979370673
-0.24923783203667024
0.15399718747212784
0.1686391184599878
-0.4219931381482729
-0.3250634174164327
0.05859668482817827
0.08042416235141508
-0.3886106218991614
-0.5600079087443597
-0.39375491398569723
-0.1890796331036705
-0.1573573679247188
-0.2353545679336273
-0.11556787576183429
0.09061765273843225
-0.3063942623460813
-0.8602215464007267
-0.42626205827513297
0.07064181101495441
0.033862099218393026
-0.154960618727873
-0.21566326127962612
-0.18105634583397284
-0.13724974447179109
0.1321567763425928
-0.30221063809416865
-0.46129747963071077
-0.05783449616244845
0.423459897051539
0.41345157953585765
0.012468412106085014
-0.03786936436183366
0.4240152231860838
0.38149989496812753
-0.0010916970957013654
-0.09178206487846571
0.1838175151637703
0.35296381075490607
0.5211138082274013
0.5041030729221928
-0.006611120136160586
0.1713283779863895
0.7175815523634467
0.6533111651780045
0.26256903658706254
-0.06124195115351426
0.3273123738122008
0.3087982998954696
0.5850236214252863
0.1540202791248578
0.10714445378878622
0.018043624749729228
0.4472756911442558
0.2969766861506375
-0.029067995326602838
-0.09202309356936672
0.08155759124401486
-0.21352265706909548
-0.22592149028195246
0.29484579219483786
0.3105219892469352
-0.1633600565499851
-0.2157085219392559
-0.3719031683660419
-0.5402767511584189
-0.4386584711297617
0.10244867900040569
-0.15789480827114363
-0.24436857739232457
-0.3766492811517028
-0.19976092474242793
-0.24181173837747358
-0.14847616521329324
-0.33640823073233694
-0.5726459430060163
-0.36524435289269575
-0.15027935598923864
-0.39318053244321605
-0.6684124939485471
-0.45300152302103974
0.02721177749332613
-0.06575588396972369
-0.31470741348680265
-0.49294291925278316
0.016448493627604914
-0.07384543332027824
-0.8367281806012995
-0.8936769861501891
-0.06408268805477348
0.5550271764780266
0.4843671883798775
0.10539388427291217
0.3313823331709874
0.039806287185623235
-0.03615701102228427
-0.02800101977520739
-0.10610552925966048
0.14248795766692435
0.6616814503447784
0.6499679727800338
0.13708111580475202
0.09457644702939885
-0.004598908083605337
0.4488520632132801
0.45917628792870036
0.33096372758914444
0.07623321667686149
0.28624300909855466
0.5340504465433933
0.2870587148668366
0.033109802290044385
-0.06490400936609353
0.6333250286919593
0.7234563833083146
-0.03165660795434364
-0.4102841012686357
0.398699717394632
0.6750471049474156
0.029878359370528258
-0.41359067139299766
-0.13517387639537903
0.2729411729664936
0.6847829729664635
-0.12901966309204094
-0.6055357073934442
-0.2500431975679765
0.07710879265336607
-0.22977147218559266
-0.06763367182149471
-0.03877228229666849
-0.22373929329077355
-0.25635005171532427
-0.2002789384388109
-0.30040795488810174
-0.30990336002126756
-0.21946242005264624
-0.02141070209023995
-0.05611509533584527
-0.1747539905282797
-0.20785355735198024
-0.2814059235060705
-0.43243515795280624
-0.33227431354719644
0.17791197024086194
0.34989461709756264
-0.10459307373944934
-0.4240836416542859
-0.3379142456746586
-0.1461638221644368
-0.25588290419230036
0.04584908479702629
0.07557581121947936
0.20614651309689758
0.3600448861506817
-0.11992808169382589
-0.1451398147075863
0.1775978142152108
0.4326153270063168
-0.06026214960504463
0.15789499750484495
0.21179304515698094
0.5333428402114191
0.658539244557011
0.36330566419944177
-0.24477593182870339
-0.11182013006836418
0.42791939118884686
0.6321869808483245
0.29919145422772736
-0.04417948739685857
0.3441987668498905
0.39134768590721813
0.5476585007113776
0.3741805497280694
0.23118019673232013
-0.2288122402329894
-0.3739578361415824
-0.06608727624852874
0.18365890739135984
0.2318298575143439
-0.36656222443337555
-0.08829197232341396
-0.0792667637755754
0.050994296573794215
0.021571635937525424
0.047281986923150755
-0.32734510049381527
-0.20117570936264678
0.06783049681698954
-0.09660197792431456
-0.6377725137281154
-0.38671824701989604
-0.25236217260316385
-0.1704271873242177
-0.3870083355596104
-0.3607127046907159
-0.21233955232049598
-0.17905385500140147
-0.20512524336358826
-0.1555066761126274
-3.3832023824613373E-4
-0.04894989298352984
-0.3092320532294728
-0.5990804935983032
-0.2907066583801065
-0.04149489751069758
-0.24674641375167794
-0.4708778352991996
-0.15673170935924505
-0.38855965378269636
-0.21816640508370652
0.08314593062424751
-0.0908287994839566
-0.5034289799384257
0.1010190184068838
0.30060068068021817
-0.17960247977865976
-0.41539426757538134
0.14918978266055985
0.4413915651231188
-0.014144020750824451
-0.4954748318255795
0.20276998481929281
0.5560787617314275
0.5348863238602692
-0.04409447169670983
0.053996408815406356
0.15336685531731048
0.5921541160700273
0.3094036664555782
0.04647122632576377
0.06349089171901712
0.3141364034085962
0.41818944898904625
0.2959770432026738
0.005547041870048964
0.039801293307480064
0.303476934227655
0.6462706998822229
0.5783946523793845
-0.02771603094981869
-0.44052657301623627
0.30197704989374563
0.511318020159912
-0.045840064337558536
-0.11050902220859385
0.34315845513107235
0.17385851509205583
-0.23667024476964443
-0.04179335133977684
0.09576971275575523
0.06723122755072795
-0.4287222499204385
-0.2808035946609276
-0.09504315686655102
-0.21315800139557467
-0.25016293382468385
-0.04722039182896816
-0.21481383738977855
-0.22389378844750793
-0.08280051142458959
-0.1555262400879792
-0.24711954207381756
-0.014408648965235867
0.01807184351613114
0.02280651430068256
-0.3250239285111454
-0.26671689397125037
-0.3359872943303354
0.008825541152641161
-0.15109225739657509
-0.3335658767621417
-0.4273615980945303
0.12470062342380946
0.17842201955062498
0.005095218966211702
-0.02340138442416185
0.22383822321818014
0.06796953945836512
-0.18694327237858263
-0.016656284166216496
0.33996134139231726
0.17598329176822677
-0.13687429190576578
0.12936331370581483
0.12009803272158905
0.22269697667116267
0.4064544357676939
0.4039936057244227
0.08314699806518257
-0.04175436538906949
0.2166696644115262
0.5312752677986602
0.5322017219044275
0.009998448844189625
-0.02184371930709001
0.2999274134599225
0.4123064525655834
0.16334712484767272
0.13147252113561292
0.060257919940016245
0.030852453263569668
0.45172267532493815
0.400904963982091
-0.1338899119693269
-0.2103076490431375
0.0838066589256719
0.05349138893054315
0.010460342294336905
-0.14394085595246078
-0.2782168000421683
-0.04878645055049332
0.09833546068911538
0.04303831093890447
-0.03235887965816512
-0.12992148166738857
-0.6059553221593149
-0.3746112552925342
0.005397670934951531
-0.08622954506613745
-0.33584223132014407
-0.23584223646281338
-0.23193709892076753
-0.49472023461036957
-0.28807619286232755
-0.09070737873224143
-0.24423970990317873
-0.4595423042271648
-0.4586804692725825
-0.11542628524576139
0.02430486538394993
-0.20173735473021992
-0.22488363674104478
-0.31294933218285587
-0.322985764817989
-0.37434553187978065
0.05059487449941258
0.10527138597678871
-0.13041967834328627
-0.17234390975748687
0.021348393675343455
-0.08037852745019837
-0.19390036359480614
0.1997964247307385
0.283245355765041
-0.2339201807103482
-0.04294273438474738
0.3444774616546666
0.41375523381883295
0.004797459974890108
-0.04499821674686339
0.36172033816968907
0.4612680617307838
0.0898874556589922
-4.963131282091122E-4
0.39551147997163555
0.33036979142921585
0.06817309860772237
0.18483100269557937
0.22989939092653272
0.12372632280568767
0.030750706070335657
0.19431928361541315
0.46217695399548836
0.4022903294400224
0.21736969102506826
-0.0803477901790557
-0.07939754845389206
-0.04372945562256597
0.27645351503952886
0.2548386494116044
0.18649228815839655
-0.15199645303860423
-0.17809109432409231
0.021148147799037082
0.14786816311639178
-0.09336430754762076
-0.21818090549755606
0.1133329521186759
0.015359483153871261
-0.29819405436992974
-0.334604783615158
-0.1413674537028133
-0.2606892271876493
-0.31222256299219364
-0.08630021747978822
0.014398502204562342
-0.01958475188515738
-0.11025508179709725
-0.16869503852658227
-0.33603821839166836
-0.576533015917049
-0.13034338258480158
0.1796307930977928
-0.11239600540862885
-0.32106082445983747
9.532934889283023E-4
0.24554176153452284
0.04853768755632209
0.058560065807658296
-0.02517753491356782
-0.10298993166424521
0.09807303055625574
0.2198362113540311
0.09157784273040409
-0.25524771805839264
0.07252126550899977
0.07163608533084234
0.15819176549187805
0.33699497084773183
0.4562303603566907
0.17557130131247745
0.018734865930739697
0.004476330482798189
0.27079367210757826
0.47279695067434324
0.4477233504451184
0.012656508934486197
0.07531920810721401
0.2421882316290151
0.40508460249737105
-0.032375903506415254
-0.1145545482781663
0.0359174752950284
0.18133779807907077
0.08004166347193237
0.5195860711446232
0.4154660890274091
-0.1668646566831161
-0.44839233796035816
0.028224140410497228
0.3713008396986566
0.04296794910031964
-0.19243678102920547
-0.2984856642141311
-0.07398154946059453
-0.25504995002694697
0.05426708884580252
-0.1532304522901786
-0.21949877434731258
-0.151842139019685
-0.0841425349924952
-0.2431093181655654
-0.3366382950414539
-0.2881270369055479
-0.32582705733409756
-0.19786824972400543
-0.23952427152456385
-0.12037438762123824
0.03278887049894807
-0.3621653807598914
-0.4193371633634901
-0.23798563759883246
-0.18329546088759344
-0.42085783666973126
-0.3418224515632679
0.19554057576484463
0.2491339776445902
-0.07076126248852346
-0.4216789539253884
-0.057510777962324226
-8.2352963908403E-4
-0.09814646137256394
-0.4189659065444715
-0.07204213075756075
0.15564028854761547
0.18435554633644727
-0.15416918299368318
0.12177790356155191
0.32350830960286675
0.2398136526600327
-0.02369931487059278
-0.15107672203964626
0.019266920360593156
0.503219795480287
0.41683126140860116
-0.07900743957996043
-0.12708554289579524
0.4168400602101189
0.5029603095384436
0.2856691538021537
-0.011064092998555243
0.06836431528760281
0.2572571789927511
0.10100135056934836
-0.10079353098720549
0.11719466029580533
0.3282351333673389
0.23802263066067736
0.15414251786466623
0.16272530773149463
-0.08827787271935993
-0.2723080765540339
0.10133801005699948
0.5248685983282745
0.027957229866749315
-0.4698755484302228
-0.04012206346102198
0.36746584930839743
0.018548975943149252
-0.14547391330751447
-0.13872761704084288
-0.15779017239993845
-0.4968552482460901
-0.05240726482285278
0.17610121071864668
-0.012932222225666076
-0.26106957264018377
-0.1619719535749011
-0.07269605420252306
-0.132952888498718
-0.24076854463472847
-0.31153276500828037
-0.3783454891093833
-0.09062543273402879
0.2764796258115145
0.10698845955593526
-0.18094631664813185
-0.2528293014032958
0.16190966311546331
0.03356555430974978
-0.17291202654752102
-0.23686315242860734
0.38331610740307814
0.4911008983447749
-0.175191531376672
-0.5573013336278768
-0.029839023668213584
0.52471010019285
0.11946752614924998
-0.08011042267718439
0.2903234325520719
0.40092961722704795
0.03419243717430982
-0.08921821729771565
0.10647425463517908
0.41513931789356784
0.37894581476724704
0.053213943847635066
0.08103666065559258
0.4990707266140094
0.07889486537280434
-0.11388500022269413
0.16515148055404177
0.4233468228613592
0.17535261305787556
-4.992050868101234E-4
-0.21435429371063072
-0.1030567159786455
0.5398820671735289
0.43975804362648263
-0.07213110242211146
-0.5345200748186036
-0.019693324548657385
0.16710614887381608
0.14048448689515988
-0.35334538746131605
-0.14965625776879224
-0.061922128514198864
-0.09894775795539851
-0.21016478384184886
-0.25803145886304496
-0.18472152395734903
-0.1290368433482595
-0.005421199737187075
-0.08025064604234912
-0.11614466659242517
-0.3507049727287284
-0.4236234562467303
-0.19855526473151297
-5.9687388103108346E-5
-0.038510038698659384
-0.2300533706199246
-0.3170629876095221
-0.24439764481125967
-0.029324889834155522
0.0623265436172129
-0.1539052753353799
-0.32264103917729725
-0.22982060520591582
-0.30668914169561384
-0.05471074218475234
0.017230028418453225
0.040041094580068784
-0.29729931052637554
0.037457882126551885
-0.0504874965750237
0.07556980018202122
-0.2130080784125144
-0.010650378256278157
0.12482264436584768
0.30668340195194427
0.004720385338817054
-0.013637986976674605
0.07614154089631417
0.1290008328607501
0.2825063682292588
0.2320056255015782
-0.08626166912667887
-0.10790262215138496
0.3266559611141459
0.32717023437615994
0.18725129040148747
0.2628450357807601
0.21707024179119452
0.058444873947606765
0.09201371875964678
0.02782458259675038
-0.03994649252434931
0.11369931873280463
0.19120812714557825
0.19264796368542156
0.26704106063565947
0.3989274794112209
0.017213291710874573
-0.42807105872679607
-0.3700732208454089
0.2537763412672009
0.4555044174486707
0.1885308264992342
-0.23785704186340795
-0.3143815622333691
-0.05808899949917311
0.022490053478924084
0.1559289315715983
0.049922014119232784
-0.22734005288945577
-0.4074752234196537
-0.14300198565999256
0.013175154667030335
-0.13449753053976016
-0.10689701249988388
-0.021071834102337435
0.07214773896468296
-0.0013682310374534658
-0.07066619727553744
-0.059726043942804376
-0.20109908832780038
-0.4031397302321992
-0.26329918952099235
0.058799108620795515
0.30273816879579596
0.16998273287031362
-0.1840796280413491
-0.4573013761207564
-0.15804083254803664
0.3760476280008015
0.48200157572053876
-0.061001033667534725
-0.41013424555041356
-0.21234159067393457
0.22702806941421788
0.25062458029852314
-0.05857476760604286
7.072222150184556E-5
0.32599929014404105
0.31831330988257606
-0.03190947858988633
0.0021359576739114028
0.13906556452452531
0.1101337988931512
0.2883508339957274
0.28274322022942455
0.25901934547456396
0.1654475507536973
0.27651996790206906
-0.18331045241629543
-0.08645176839831277
0.30158109851457193
0.3527331431357081
-0.14786970197662375
-0.07676361159273376
0.22508366729687385
0.2577717905507193
-0.049910963004964684
0.13453159203312925
0.0691341428006195
0.1870206974591616
-0.3877993372953147
-0.24225947881707408
-0.003402679284002145
0.27086687161773376
-0.09836952498953035
-0.3325435628043857
-0.171800590479261
-0.04286920286184361
-0.040272942786886486
-0.28345929200255393
-0.2813645404768376
-0.03708118082558412
-0.05734034811126729
-0.20967479630964986
-0.3099371642684548
-0.17288935368512434
-0.09866038676486125
0.01767439239250076
-0.0286082248231863
-0.11956474027134706
-0.10372580272086841
-0.059055965572645655
-0.38541749364121913
-0.45871797543325166
-0.08342653528983084
0.2242585431215118
-0.2552793765406917
-0.2040446028903115
-0.07017053810176781
-0.08438449428915244
-0.16129008486460444
-0.08931137690364228
0.0894500648259208
-0.09789789449215305
-0.0036242422933200065
-0.04946676254209361
0.15791033191620338
0.061157025704615765
-0.06993464686729631
0.10601090150086098
0.17262726339586595
-0.005043041227912965
0.013873338297756188
0.4295316273097663
0.2666320833129669
-0.38134074823452196
-0.04339260046481936
0.49341747027533317
0.3464548281994014
-0.18263728364446222
0.042986581465779994
0.2770378143752074
0.19805591696742
0.04192454057271548
0.1015438364452598
0.023134713666245345
0.0146941700103473
0.11015730345561345
0.13116003672734164
0.23469085276215035
0.23027819557928744
0.03284833567736022
-0.024851444320722674
0.039581612840115424
-0.13957413320152415
-0.31302415288778646
-0.13049929854301456
0.3794694310916825
0.5355185635016984
0.107696735811959
-0.4835923707331326
-0.39831343289917326
-0.10241898424895074
-0.09639332944488896
-0.13641892172218736
0.026627862418228378
0.12849910371048345
-0.1560788776309061
-0.1925036065214633
-0.01857228072570372
0.14601270672501157
-0.01552202154904081
-0.0029895905958354477
-0.008669024961888261
0.0014424727451530655
-0.06025910056858031
-0.07675496432904497
-0.2541581797807058
-0.3660337039052591
-0.299648147985083
0.15170417578619663
0.41148267701359925
0.3342177595324454
-0.21571185063730156
-0.3211459834205848
-0.05172230893077617
0.04608529851330909
-0.013623182025866858
0.1402124980600472
0.2640561520925093
0.1309079019275728
0.21926152012630715
0.22325529708076244
0.011911101107329973
-0.11318687894355117
-0.038606025664524216
-0.006026215665930025
0.06482946448766931
0.18543075375083962
0.08652121543554356
0.11082520943839173
0.4730841636976797
0.40269597234171733
-0.27032238807536424
-0.4042373186260131
0.4571537026566348
0.4633057275592575
-0.017513885573959085
-0.23409073091691104
0.18195495909572235
0.11294368266734396
0.0660676581499956
-0.2077124691181397
0.0044738136896662695
0.29109958168332783
0.20800833322083875
-0.09948439116957056
-0.266369562597662
-0.2277216233224352
-0.13380351097966411
0.1442206078424734
-0.06188569532337714
-0.19526650247173116
-0.014640333784134702
0.017950261106808578
-0.27588478800247473
-0.49495972899472535
-0.26303058874864077
-0.12172924322930877
-0.07587568955122481
-0.0790056193883908
0.038208788228098735
0.01976983900647431
-0.019526074073547832
-0.0675878063481669
-0.1473939650011372
-0.35033596813411483
-0.4547123162078795
-0.11891333224512166
0.039969377045081717
-0.127026621009108
-0.13583503957822976
0.14568865229269118
0.03387133791399063
-0.19242034780989717
-0.14628735020681705
-0.3051427325254543
0.004484118903279042
0.18537872315263149
0.2534733138090375
-0.03597463668531923
-0.045388366061810494
-0.11978333818845571
0.22611693660931106
0.16233184770100276
-0.18015000910611162
0.0052735025158487814
0.4598998027715934
0.14668228226108113
-0.11881113442139436
-0.10549236237204897
0.14957109204655974
0.286831485584641
0.3551360883495002
0.04235337479700918
0.0658079838217301
0.10541261620020334
0.040806581087507794
-0.10206815450131988
-0.013737213847814015
0.08142370772501305
0.12135355695765189
0.08475822387226219
0.03828246136100316
0.11831607079338599
0.18387637470507012
0.13293494615798918
0.009194286379926433
-0.044138504479187414
-0.18688046292355648
-0.2175609071872139
-0.18212632963136213
-0.03945736100957621
0.15989237200884682
0.2611475395170235
0.1385558421364831
-0.14548616987288346
-0.1861662753562101
-0.17833962052397637
-0.08503701951029789
-0.11852449401757492
-0.054889986909502336
0.017593371201698717
0.022754144242129102
-0.02691416063439744
-0.05860463586052922
-0.037922696212847176
-0.15979658149198506
-0.23963106997085817
0.0030536693455873315
0.2582584358341085
0.2023951711202968
-0.005550350297901088
-0.07512428657745049
-0.3248493125325861
-0.21382532897330334
0.09438646757055683
0.1820137768997568
-0.11854164273725336
-0.030410065351276116
0.1503952684532629
0.27063843151076056
0.19950028343741774
0.1220502934103596
-0.03541608590823636
-0.029432077793899912
0.019050760662118995
0.010328901101952191
-0.027894931270605702
0.06701456528837989
0.16929590974018624
0.05647166349942377
0.06927604874197511
0.31656690488772204
0.41168751258322817
-0.01569857800827008
-0.40391715113224846
-0.06283042900782795
0.5412636879635766
0.29053631094857096
-0.1565828633911272
-0.14990894794656823
0.22898739646660143
0.15859131965047765
-0.15430439099365484
-0.21572570615619582
0.0474467046614654
0.30838892857589895
0.15181704876746668
-0.20155836987338652
-0.25097657289827086
-0.07987594502979004
0.06255532108899065
-0.28817858805951624
-0.23849377196512048
0.008353534973543152
0.13984107893652542
-0.040189577295184485
-0.036228703649869756
-0.11578218014259077
-0.26047272662571164
-0.3014520470282475
-0.10561391117860482
-0.0660430230260846
-0.014222152966558812
-0.035509900311798646
-0.08389633346090045
-0.37671132453602835
-0.27329068357174235
-0.08202897358887777
0.06721015499175993
0.005619820369658739
-0.06468455553692297
-0.1363517252437321
-0.10859961306278297
0.05220053275029258
-0.24493717453232894
-0.2045706966159591
0.04546595929841351
0.1919049744496536
0.04957325789208646
0.059442310203082126
-0.07127251460743982
-0.07406966942243784
0.14972553765642968
0.15914180939455216
-0.23694328887222854
-0.037407102566400445
0.37144674653555243
0.3410615460698955
-0.1007873564613146
-0.2932216792191946
-0.036686755588229286
0.29956978819328334
0.4601886715847634
0.1599316177242409
0.012667136516620046
0.06430053540667012
0.15710583785890053
0.022378653403061884
-0.07498304200520563
-0.016947304792278354
0.04196536247601711
0.02961238198271386
-0.014616646931846819
0.021552441222487322
0.04860946967352552
0.042778478488845424
0.009537892669986737
-0.03712375929341535
-0.12869949398920247
0.060491910511724443
0.30588606798345686
0.29803343758087947
-0.13902331664532439
-0.3548327910138268
-0.18512542093846618
0.02105440488755335
0.002373973489577223
-0.11329158746211807
-0.043781765683048354
0.062161926061352867
0.05913930007706199
-0.03408691125478794
-0.03667398803078792
0.03670065165499652
-0.0011854961718997348
-0.02300501771750224
-0.014506864457473071
0.049647093260371006
0.03375217240563283
0.012404699506432732
-0.08016874362977773
-0.09179462982218191
-0.002493769657698836
-0.22421195168638475
-0.31178854138599676
-0.03134643456622751
0.2270684931460052
0.10647772806647698
0.20016659961599753
0.0793061262411292
-0.39398654982546905
-0.2345458602738869
0.40257781220643674
0.41133151522686834
-0.05224002804851459
-0.11130320057236423
0.08917584033582639
0.06294094762328205
-0.015901109144118315
-0.06186268927489599
0.014103701008433946
0.1718950375317064
0.28318298416090476
0.12336486937404806
-0.04666887072813246
0.2986710343525836
0.31966718762081925
-0.049897097188301195
-0.34471486328536416
-0.13334227884642016
0.354359456521262
0.35526565038325075
-0.005610213435717467
-0.44997516564883655
0.14850486318751654
0.3877955024854351
-0.0015014901371194398
-0.4443114934432191
-0.09038918767704181
0.3221511779238136
0.05161256742779922
-0.054678193634989256
0.0997897568557684
0.10344200455362196
-0.3355648246327192
-0.44352724091960516
-0.25497357196745973
0.14591446748419454
0.1854024445810459
-0.03254740830999132
-0.3634729209373264
-0.25456107245447884
-0.11522369307344942
0.010351910143763481
-0.05025275349358535
0.004381445842703771
-0.0056032731461138074
0.0067058732899983025
-0.06897214043590276
0.011683942584735136
-0.10126182342520766
-0.26886607357796033
-0.2967181873981096
-0.05043690971707511
-0.02484017153318912
-0.17025936329622798
-0.2853559267556132
-0.052489619628052035
0.24175739761201673
0.10387175521568755
-0.04015611848587247
-0.04491499453126576
0.04171110372135634
-0.18491147642774358
0.03565633131103521
0.15669634059652174
0.14467449448503783
-0.22678367393953444
-0.10772088767609236
0.31058280651079534
0.3938381511405087
-0.043658040279863176
-0.12551682909152842
-0.1951615217765774
-0.02878444962516634
0.2650217920629503
0.4814722305948864
0.11278462261369268
-0.14098578618939026
-0.18757574194078883
-0.014291611175855945
0.1839329685876234
0.10126381336841611
0.014269726583468402
0.05559933064912278
0.11239143013511016
-0.015148706161767262
-0.04333089716752369
0.036503631635008506
0.14162025620108734
0.13895775933484816
-0.054771375820219646
-0.11470258509719683
-0.02682586013217462
0.23621888137862587
0.1877995205163517
-0.04334586637444487
-0.22997471852108764
-0.06019323550936111
0.14438673220277876
-0.07554046187500282
-0.2591110288905587
-0.17919713009776184
0.11304674576161576
0.05256223193379506
-0.01846308795683257
-0.04524579330629767
0.021134145757129588
0.014847968618643896
-0.0013858049630404163
-0.025244906599526686
-0.05182052333749733
0.007714732884270641
0.040313530820552786
0.02798771238239929
-0.09892282473592544
-0.017662506489055332
0.12946008884555793
0.145959368961366
-0.08642103290919159
-0.32942204236657924
-0.2119400869126728
0.09519854856554423
0.2765667762715238
0.11497389096378487
0.021923802272155915
-0.003220864140472232
0.007771953035579137
0.027913239277893843
0.018557561675079173
-0.002591670312628712
-0.035525748096810576
0.04437944236024385
0.12785095738996918
0.14831031283799498
-0.06162694808647639
0.1071740253853372
0.4035649544221863
0.33163834101953926
-0.16733251419471923
-0.3713458044439594
-0.1759160092009548
0.2692163371322233
0.4328502530478168
0.18481986833086966
-0.3205120319743022
-0.1834252558387082
0.14837622862480845
0.37166488217004506
-0.08955805716922026
-0.3147271267507738
-0.1000763756704957
0.09704669861231788
0.053621672671363724
-0.07129324435177334
-0.10196683994603659
0.0461898583847027
0.14356833089601814
0.06223774666060654
-0.13707392943931698
-0.18006957803473
-0.3256957416163608
-0.28139353467703676
-0.0896581520977751
-0.014359373138145077
0.0010820503878785734
-0.02551340912997502
-0.02516549822361095
-0.01575034464501211
-0.044596730986359814
-0.30714196529853244
-0.40897448681050286
-0.2930426180410064
0.08808440469433598
0.2760901011313307
0.2459331793787075
-0.11949951556178215
-0.23177299669685617
-0.0553952507647542
0.0727387250242423
0.040804305447460616
-0.1688048870792843
-0.05289539121088338
0.1241002331981047
0.16066796647602535
-0.1557806759441848
-0.20527077426641738
0.05509406370184158
0.38127932427224975
0.44628666508037407
-0.04192218915790308
-0.39236876608974686
-0.4051045699659238
0.10562199622881763
0.38649330580471636
0.38631499149101517
0.04194743697975946
-0.11427587265740104
0.17134249717225478
0.2567380529933554
0.059119416251014176
-0.23110794898947526
-0.07042964974566661
0.061403902669623645
0.13018244072680946
0.02540516569615206
-0.0687763675845114
-0.07098304019606097
-0.00824279196346152
0.033476922438104184
0.05625880705516549
0.030540719522696456
0.017957034983817996
-0.011930058590584585
-0.04535059844227775
-0.092070846416287
-0.00944429129597834
0.03758483105958359
0.06066908041883189
-0.07173701947836744
-0.013306357959100339
-0.008794915303414941
0.0223336711891931
-0.04288311806920873
0.027196813743571413
-0.027982180036033727
-0.021715004140372224
-0.006189926888482631
0.051297075271092986
-0.04098086384824398
0.036160165045620446
0.020531368636403955
0.029268824007490285
-0.07656080644072734
0.01635601425396139
-0.0405817225251486
-0.07599757808371242
0.01322185972927473
0.1834963688279504
0.13827249334567993
-0.017788019954789125
-0.07236582373045686
-0.04442585091531888
-0.036138936195959745
0.02608102619909144
0.028997987145970332
0.0050549002725261225
-0.04251056857427991
-0.010066892485748026
0.024125207351450236
0.011854226868214066
0.018586641140489517
0.0411732811993225
-0.008201779885510494
0.043303952191909745
0.30475957251788505
0.41553833829903025
0.1500264029234327
-0.12312485159291983
-0.3151791331867281
-0.2858136279245447
0.11980309918989403
0.47821438980254793
0.3045284881973408
-0.1426417331924032
-0.3477656402312023
-0.04255946842584687
0.23934348997769125
0.02450070569448151
-0.12348957064579304
-0.03607440254750129
-0.05613703854522191
0.012190682976550364
0.0864947235445248
-0.11965518881348597
-0.2807774515814649
-0.04660155934327579
-0.13623115170055558
-0.21801969730289403
0.054149278319844445
0.3738937487557302
0.11979613243516682
-0.2277256965790765
-0.2410497782673545
-0.06917710446032205
-0.060805831998317
-0.0784807840691476
-0.013650664324479337
0.012051613593499001
0.09025553173137497
-0.06898981787306882
-0.24297888440543122
-0.32468736817773364
-0.010415598432181894
-0.0799235421026843
-0.012168201102658238
0.10406249225424011
0.19397380627825664
-0.12595391685494148
-0.4150240893840174
-0.21893285277696464
0.27088919471408535
0.48987697459012697
0.07597967746891937
-0.3879673753072177
-0.48454479327895206
0.09253404890651834
0.5924624510358636
0.4309414432876288
-0.1440449697951934
-0.24653779015372004
-0.23943903087604435
-0.20693921157405512
0.025313244391377727
0.3830569806356288
0.37553551472250035
0.08331647926831995
-0.06153520740324511
0.08341323901856726
0.16152998717839323
0.08981338990246737
-0.09076988451526477
-0.08462138679826132
-0.00435085535495116
0.0308247434056147
0.03019103741646121
-0.013131613556687448
0.026199038067264226
-0.006104754104293195
-0.022327534903648617
-0.0036065849057699702
0.006214752617783591
0.023049785387654717
0.01118089096415233
0.0371816798481084
0.01575739862138732
-0.016805934490422798
-0.03289641084279706
-0.024345544169928207
-0.028009473460412933
-0.05225993169889443
-0.0012367113183758061
0.019867141044076005
0.032183087572548265
-0.0035765344794957
-0.0071118922932539436
-0.01905865977423457
0.005677397945707093
0.008375717348984556
0.006268744450668982
-0.004028080402010594
-0.007428310841699174
-0.04045921429177104
-0.04778285388407553
0.01927554056230157
0.06443868337180925
0.004957390676642931
0.04111900587979015
0.08249904715095652
0.032845783631779875
-0.0682790785750443
-0.04429310253293372
-0.027416842120574093
-0.00456804620605243
0.0362106020933952
0.03666907144186756
-0.016898821955816067
-0.0832249289013176
-0.029450091849288273
0.037091230876499195
0.07602744644305462
0.04649578548707598
-0.025285688900915176
-0.04706715386296905
0.06432367907467137
0.40213613426562256
0.3139416775214321
-0.1117611377521066
-0.10768799242452222
0.07126434565645338
-0.13682203522634698
-0.32991850537781375
0.06868117706324187
0.44022575946524545
0.21726327491155523
-0.04997912115156966
-0.16276849247147185
-0.09935972916211695
-0.1550175159328138
0.06495700250707173
0.19363790765000738
0.009888415337613969
-0.07615923779559665
0.028588296033976498
-0.05012887064601925
-0.23397653976868169
-0.226012484144602
0.030560034100145156
0.010082610969883537
-0.027740719222443273
-0.19908759095435416
-0.046877959878833454
-0.03397268816826727
-0.04273522938848078
-0.08299039974815935
0.07392892883193693
0.08541073625829168
0.010732178892421958
-0.010339401081984488
-0.008458246571892897
0.02093474210041871
-0.06762235202296904
-0.07675683506403871
0.041253202770017046
0.055889601635822635
-0.09032576460518234
-0.07187817616260148
-0.022858186883741985
-0.21372748864211608
-0.20374062370642862
-0.1300701522722219
0.021299597754335133
0.16211757849513508
0.3023684989500629
0.09681828765214559
-0.1959366474578319
-0.3020849004017074
-0.32721914400369445
0.07151366167167866
0.38835615392685824
0.4082029530459119
0.04799789729935954
-0.10608534185635193
-0.3112896180165395
-0.23927551356472077
-0.11185791241917627
0.07952976708466346
0.19122315488067365
0.3147594663864342
0.14939889804568626
0.06392198319403584
0.02788334654829193
0.06014987867395798
0.08360333045644149
0.061273187570876256
-0.08327551556559548
-0.07973206092823955
0.01769861947338695
0.0333122018570914
0.012862738537059135
-0.02776459708154406
-0.01595977577242865
0.0421261068383918
0.025431946158257213
-0.013301162099321811
-0.04839263164741264
0.0023401220131402086
0.01111917595430621
-0.005297923283733343
0.007254381532509649
0.02751323293527151
0.03615729110807225
-0.014352771041601419
-0.0026522323998813577
-0.015009985681375517
-0.012989691345362132
-0.005458005989605418
-0.014597810957092302
-0.013533140320233136
-0.006656749531085282
0.0019559806890873913
-0.004773146215963449
-0.026660550991274495
-0.016478364669759642
0.014309514662669885
0.042494345055747194
-0.061624278108279945
0.013842085796959376
0.06483581309017009
0.04878057289186309
-0.025722135968455285
0.034997953258353934
0.02101730018673358
-0.025223569193030284
-0.06061800519737781
-0.022111719651036813
-0.029121655046186513
0.04329139846404965
0.04511961493926794
0.04149763239441389
-0.04073590039855487
-0.022402043747061305
-0.009138761608526062
-0.00500663488252798
-0.0035768409736178083
-7.01991647589719E-5
0.03780362567360917
0.04868066655172237
0.0010300114081189967
-0.052746517674054506
-0.015859049912600537
0.10151608511942696
0.2474420012289133
0.30179906277826013
0.056630597249272496
-0.11400247145542183
-0.07160000067745578
0.02361754878920734
-0.15235549255911715
-0.22240070256720554
-0.02462624098913461
0.4088108596751309
0.35501902072782204
-0.1053977270194402
-0.3992404860074205
-0.20410677856392415
0.01614279528775111
0.20879187455700313
0.0768640525866582
-0.05303188461253251
-0.17189609417868587
-0.037915973553237864
-0.012865130131567634
0.2147594656730688
0.04168231983546452
-0.14471397501307234
-0.21550475982554881
0.00605050250189231
-0.052553943000750315
-0.1132164665355619
-0.0695656594645582
0.15601071713533646
-0.034868971152086016
-0.10538171849882823
-0.06111944089942145
0.11523834875524876
-0.02437929649626642
-0.023672561940020015
-0.002666390945596199
0.019739361124782723
-0.0322045228121021
-0.03372764192848824
0.0038058497297548508
-0.11818975899239498
-0.22946096770180088
-0.10837146842435999
0.1171899913318041
0.12338960169652376
0.12084060091359951
0.12394689049876864
-0.037358083621330945
-0.29517231709647956
-0.30337124646951424
-0.25201676508955156
0.01826659212692583
0.3237434541218529
0.3923355364763099
0.13267235995579638
-3.014706890789686E-4
-0.020946469964545175
-0.2344141414694479
-0.3888061669396583
-0.1521470730873943
0.12446716355736571
0.12812232683648425
0.1518027591206649
0.2589223254463669
0.1464357275595871
-0.011282796124111311
0.01543456500508367
-0.012071770107792992
0.0909021052301585
0.10632940547080283
0.02248173198334591
-0.09974676482826351
-0.057332715280743414
-0.019722015377901057
0.025068839558997916
0.028259772624597824
-0.0027267827408177774
0.02084466112140296
0.04946534411622397
-0.0043611791839203405
-0.033282074657084465
-0.029702309158451533
0.007802986115601875
-0.0011688419428344272
1.1121657445492443E-4
-0.024256236884985932
0.005791702066109969
0.007265950793841117
0.013207782051969093
0.02069973226050442
-0.03152750142913645
0.004322359954705395
0.00434480471853025
0.009357842749784401
-0.02349725105819215
0.01772406353145735
0.013048234852719045
0.0021587723962839876
-0.022815787078063934
-0.03763101053779127
0.03430766184593811
0.03065585188446585
-0.005983080066822982
-0.024609309682298373
0.028317625773866626
-0.017795866553317583
-0.015538456591020287
-0.015605189550297438
0.036185530205623796
0.00855183648434966
-0.018165531974252396
-0.011359998617362822
0.016244281054622858
0.008260970810937227
-0.015103878059332781
0.01477361188553078
-0.014455480126174265
0.015958288309137664
-0.001830348298585894
0.005061218389420145
-0.020151394212431294
-0.003791474380525767
-0.009881321772133899
0.0033069176164328014
0.01229919738580704
0.05493188827230005
0.06085001993356915
-0.026394261699918722
-0.08416798238591941
-0.02683329904106758
0.08952202573204544
0.25996643774909006
0.3266994632584805
0.03234781914938965
-0.13895234480572694
-0.047891168098462895
0.10623819861644687
-0.10830974576688526
-0.20910455521061747
-0.16709668115522205
-0.02827642385294283
0.05143342707503461
0.15323427573955667
0.12632415990734508
0.1754644500150561
-0.007549137850044144
-0.17720351620092406
-0.2657376793801661
-0.08822513206809758
-0.0063210065394967785
0.02672996327104174
-7.681753285337807E-6
-0.03832795770168192
0.05474249170417986
-0.0338929598070751
-0.07223889681131798
0.009520141032917765
0.010135819573440305
-0.0899030384423966
-0.08446536438552801
0.036184420159236126
0.015352827239072601
-0.0231346013863609
0.016356659056938533
0.06671237474992063
0.01678964342065573
-0.04151287453557344
0.008285451725509227
0.020683425936133044
0.007634373726013184
0.016203763289900624
0.00682541590082549
-0.023834142766551752
-0.0036824642614307285
-0.08440156939906591
-0.05756874600123797
-0.2661788569232079
-0.18442778677128333
0.03600409644727684
0.3287025915729226
0.18006624747989258
0.05920100869289892
0.019839129002988284
-0.0021257835817451213
-0.13981362588034282
-0.1335664212199655
-0.21732446404497324
-0.10937729439484774
-0.009210993136236946
0.029895289992076413
-0.02886327509478137
0.16683506592054279
0.25653043030943745
0.08349588972085212
0.004964602727363485
0.030355949955517186
0.035597440665694875
0.04396602430459227
0.025947592016735705
0.042029057031212055
0.011285393146061262
-0.032893408731854964
-0.042917255785354096
-0.016418158553432892
-0.006555613890827303
9.4732683754289E-4
0.019365288130574705
-0.02088254146543315
0.005587062961498478
0.011178248105317675
-3.403574263643985E-5
0.03464366368718239
0.046751593117924095
-0.011286129844439514
-0.06434091691571746
0.0053812970271181725
-0.01622771014143614
0.011919261458534475
0.00846297658104732
-0.0021196188543650732
-0.02404338932097157
-0.007336101279435228
0.013376043870916562
0.0025831423739538888
0.009064951291809141
0.0038161264922074076
0.025419645887266862
0.004489666132222858
-0.009354742672892682
-0.03216251439435006
-0.016574414542106692
0.018180183560984386
0.012255695450532232
-0.011009383168323575
-0.01088917448403661
0.01334027855522854
0.008776766818562253
3.436420881329299E-4
0.0041780946174999915
0.012890137047790125
-0.011141561269129293
-0.045024665706854344
0.02533041004191549
0.03355272862691733
0.0063783877030364035
-0.03247555499093345
0.01114144387224309
3.554293463217191E-4
0.008654648274126221
-0.021262550677056097
-0.034509399600466596
-0.0014558218451391864
0.033164005963988066
0.04908132685361019
0.029423269517608097
0.009426101078306513
-0.03126641818524997
-0.04887313202866642
-0.013725832322419312
0.03092074562662443
0.011066786213561705
0.09828079077423675
0.16714479428048507
-0.002004325803145764
-0.14269137541406948
0.20365788517883807
0.23822623035346746
-0.09017610089510185
-0.32864904228669367
-0.13930085332874162
-0.07555230039933296
0.007731333171570333
0.028809708825563336
0.08505405616150936
0.23992180994798348
0.2900620888386018
0.023914773136841178
-0.27950582170147503
-0.20888037964292783
-0.060928420491055714
-0.0010810191073461757
-0.074122860477251
0.0027981476781438605
-0.03118399784169017
-0.015131618469321444
-0.021308886807006305
0.02823273415416323
-0.013453735085495603
-0.015313940682036432
2.599130352883251E-4
0.011243890718599997
0.011558405394319501
0.005638475064598804
-0.009766613377041293
-0.007323268155666976
0.00676693766644881
0.014069769154466588
-0.0032827622758630996
-0.015473130338983423
-0.006837672552341941
0.011065118683702123
0.0018193875574254337
-0.0439495304472484
-0.07318814430789215
-1.7674916564955684E-4
0.04048789308760726
0.05954604304961915
0.09293948008544652
0.07103728552135445
-0.019497413230720996
-0.05781147686415225
-0.020700054115780617
-0.0577087532418494
-0.04565452425824463
-0.04831530504161131
-0.141790413711912
-0.2675018711938923
-0.08352167292245878
0.13235581396458343
0.04030659444791151
-0.12427424743826021
0.05186328662229884
0.2454433933975618
0.1838574259672354
0.021353904902970493
-0.01981776349569707
0.020912324216850946
0.055495693925454906
0.024813854100419003
0.007730561193199817
0.01858614633871108
0.019620294695526813
-0.01887034958807895
-0.021983455663909076
-0.007986481641278294
0.007869803310564525
-0.007703271747400658
-0.018135915443308448
-0.004454315925772832
0.013720026550126363
0.020826345450955575
0.001165525063636995
2.708565888824573E-4
-0.033670421657569005
0.008565925955365854
0.03098381483539295
0.005963402804686946
-0.040266962911748465
0.008693259762559486
0.015259965450759002
-0.0027520329868585794
-0.0037257152259712934
0.014292685702097263
0.009634532543023254
-0.030510261192842027
-0.013012664293118889
0.027903891309954427
0.01585963035575535
-0.03811736023121001
0.00672414132589915
0.017276807740199074
-6.344246277426372E-4
-0.011936310824018258
-0.0019065935888137751
-0.008539021872833119
0.0148382238638102
0.013659809797258409
-0.001426373715830356
-0.011885967433788454
-0.008217466014677788
2.133010533897478E-4
0.005386376684257241
-0.0115729630604338
-0.013195122203542194
0.01545435669332859
0.01642464478631723
1.2581675269191496E-4
0.0032650896225079754
0.03098539595399819
0.019744171334776937
-0.010195504800229706
-0.03857924378032244
-0.019995716338316868
0.004902369037424099
0.041586619356949836
0.01792189299390393
0.006981177625445521
0.04344603518569303
0.12019511102144952
0.04156357868308186
0.18068402301313943
0.06142572931829061
-0.10355060578899342
-0.2211362025586028
-0.03589298399846261
-0.05739661901434839
-0.07453322621599746
-0.02860120638295722
-0.029269373840603678
-0.009904839568940692
0.009519536187069718
0.03373163438225601
0.07929556068211081
0.06947977286662327
-0.01535584254859736
-0.11220674588507087
0.07665942744269129
-0.008519309106897395
-0.10422714483456441
-0.08409173313298743
0.0373682292695483
-0.04775223990942061
-0.020633693573799936
0.04081758480598154
0.01614004313475004
0.0347386346077708
-0.0095484020068462
0.012450515520402968
-0.01931491326964622
7.032505040808099E-5
-0.0033132926543410213
0.03814568560724847
0.019960662504129017
-0.004330907483250462
0.015430050589054094
0.008641308906244056
-6.616275481573078E-4
-0.029096273458614236
-0.012694812749552024
0.0065164578406469425
0.009908626176677614
-0.01704834798056579
-0.08272818569600007
-0.010887681232302618
0.051519769686794614
0.03855464678634739
-0.03721220044485234
-0.07899700382802917
-0.17625506210387168
-0.17812298926462033
0.021629390574003763
0.18970335726679446
0.15768175257465286
0.08112456274960489
0.044840764245233644
-5.76026321960315E-4
-0.04372773871540983
0.028036188638179676
-0.00897514248532411
-0.011551666200689963
7.563203019120235E-4
0.09409642484189086
0.03279956503282894
-0.015424198522303891
-0.053332833029054734
0.008844966599270495
0.0107250439435938
-0.017225415610307153
-0.027529185853912584
0.0028806477416703224
9.165635144187281E-4
-0.009104638640826071
-0.00512189408519762
0.0213659040007848
0.004590911238337629
-0.002531888998659383
-0.011173896257253254
-0.010086220195383088
0.0041247354771815755
0.020365372030664356
0.001200437947943183
-0.006041378914252329
0.009816098883343153
-0.0025809258739453327
0.007214757846363897
0.004664867686096017
-0.025607792371565782
-0.0069555098928771675
0.03209109842252135
0.01451242714418211
-0.031131390187479645
-0.017271392878670463
0.0019308328368565096
0.027381578764645514
-2.583330791568969E-4
-0.025000679645999637
-0.01894551788073535
0.014115252590236714
0.011528585557144208
0.00100402189035297
-0.015436738021029446
0.024364402723532814
0.06372384301552382
-0.008250035392425137
-0.05302967024422024
-0.01818994245847592
0.039197244722359276
-0.013011057047141292
-0.026093792229690917
0.03349711665500477
0.04363258513946488
-0.025157454186784615
-0.0485875613594482
0.0785405743696801
0.07302048365917585
-0.07857486591626324
-0.08031511406309982
0.07007455235745015
-0.02379677435359799
-0.07212818539522967
0.024849588644570285
0.0573154035932457
-0.05242840995159914
-0.0027297316493797674
0.02527241657258662
-0.029431519727829574
-0.03435029035007337
0.007353750645784118
0.008917172600238672
0.03218329377241108
-0.005148692646810491
-0.01553108715955807
-0.025608663025688337
0.030495343449956375
-0.005583239874775816
0.005664873032290897
0.014654352610213424
0.01731684250404122
-0.028431402733343058
-0.02476672593056424
0.03680012755849377
0.03458954343866941
-0.041813770005410415
-0.020331423911284133
0.02493137055574328
0.012224905430472747
-0.03118919900488577
-0.007557095670518465
0.015009749521135462
0.030874886917071923
0.010096316842151341
-0.026743924230736366
-0.008647622282678635
0.014775089795084469
0.0037604209833703214
-0.032296029658539366
0.0011987666400204344
0.010571616571042667
-3.394469917194169E-4
-0.006323548508614461
0.006781768053640685
-0.003785263068460402
-0.01416307202515155
0.003593027303212183
0.013355700498432875
-0.016022955551501097
0.01223436190036334
-3.651264823654276E-4
-0.021265047398606393
-0.02405691405045045
0.03141521761814524
0.002408477251058569
0.004163625493029602
0.01256605287429941
0.001542518923215842
0.010700143783027345
0.02878196465580955
0.022552412134626665
-0.017656964351366877
-0.01996630828287338
-0.022121385805398425
-0.007481755052345094
-0.027977109854911954
0.026202685031250346
0.046775657101274834
0.01888278807707202
-0.033114186831048095
5.251835652058504E-4
0.011146205683392954
0.006954078989926957
-0.005030231505012261
-0.01150726367831996
-0.007288657564430927
-1.0133253990725263E-4
0.008891841980868849
-0.008149395988849688
-0.023023852344297616
-0.002005581452041505
0.02486947928987815
0.0026965373976061482
-0.016897720470704963
-0.002824679580519382
0.010619658345024768
0.0018823974810527706
-0.002717770407613198
-3.105448731783397E-4
-0.0010502267279367903
-0.002089494707884455
0.008912554199279313
-8.300863103211611E-4
-0.011818953837591342
0.0024170159224912026
0.025070717249691506
-0.013289183169279361
-0.016290666768858025
-7.016695844034182E-4
0.007737464844274978
-0.01217079190419667
0.0029821825018207146
3.928551429687068E-4
3.3446722864945925E-5
0.0022881204755111576
0.008363724904017239
0.005562608104155362
0.003473171163083629
0.008769136422428808
0.015459062706010695
0.0057710965524189585
-0.010914025723128107
-0.011633037359752657
-0.015189344378052324
-0.00941127730956253
-6.031071466944916E-4
0.017340917680389537
-0.0049644748489725814
-0.0025748119358672814
0.008105776610336816
0.007433831963874169
0.012368110492077531
0.01920044787760077
0.01204844912256842
-0.02595100986722771
0.01626919881993246
0.0031820606244609734
-0.03837975248281613
-0.04609049566472928
0.04835799118441095
0.01787731505528569
-0.07712962779626698
-0.016875104944849673
0.03877085677778047
0.008396057639203838
-0.03383558782505982
0.048927254750911316
0.00957964202303303
-0.026741322674701938
-0.018389570555925695
0.014869345472962836
8.521392691758612E-4
0.010174611025443701
0.013022782309853325
-0.008056110641032206
-0.02068115922309512
-0.010407357320392064
-8.356150460356435E-4
0.008941654490022367
0.014322840842248372
0.00557047002630206
-1.7850724645081546E-4
-0.007953996873479259
0.0038541499271860956
0.011921995301872351
-0.005266532894057221
-0.019364335425086556
-0.005889393792549601
0.013244855075947332
0.004805750236676641
-0.005886070992436102
-0.006133885215727682
0.00986593889645909
0.006866961021349805
-0.004903392261811732
-0.01108850000365677
7.476038130500975E-4
0.00857889675291424
1.52307346316241E-4
-0.010837419964023312
-0.016162496979740093
7.851932613788333E-4
0.02586516050754766
-0.017002187797123137
-0.026898118292974168
-0.005578435463395366
0.05300693316250654
0.029382360971132896
0.0027397401028878294
-0.0211369453360996
0.0038925596154618424
0.019157770925604167
-0.012267596647632065
-0.011470289199703937
-0.003215430183965434
0.01801755759962336
-0.04101145772551123
-0.017516381428635604
0.014801208936847455
0.04346722193661745
-3.250084224983117E-4
-0.0026616286128657136
-0.020872199741230328
0.006710238456504265
0.014715673666466103
0.011973817154569225
-0.017350843143316197
7.113845159796583E-4
-0.004369971668334864
0.0032609037866668947
5.846110022135889E-4
0.004571164780669168
-0.005239013083287809
-0.012820636250362288
3.411214251055159E-4
0.006399176011710945
0.004908178828251456
-0.010499015867689726
-0.01022061580106491
-0.0055375384321702395
0.014600074332869912
0.009782057161528714
0.003742396710286181
-0.0028952111323067077
-3.744431124954408E-4
-0.010383593918015297
-0.003998018321460817
0.004441409564166996
2.518937801730571E-4
-5.168650592215028E-4
-9.491589890891487E-4
0.001860896535156329
-0.002982202818979648
0.0033300276204222498
0.006518465977058223
9.688435851433381E-4
0.003061189002234004
-0.003964999800473636
-0.005013484856036758
-0.008057603162711579
0.024365377975118067
-0.0022105137990919028
-0.0190554163830275
0.024636900590916857
0.018965485743635515
-0.029967231849398895
-0.03274377363786046
0.024896995349668244
0.008116995214965143
2.698379737468931E-4
-0.0037507662959155915
0.005913378159113674
-0.006348635308675467
-0.006274912679224554
0.0036590708599129338
0.01713121596445711
-0.0028387636965151743
-0.007760195424898605
-0.007422098539720986
0.03286998302383572
0.020503705443739452
-0.03728533065929713
-0.029999274847712983
0.022574371337391368
0.005932111743722302
-0.04683113640679496
0.008672851644117657
0.027209619894822602
0.020471454292763962
-0.023316876804338475
-0.024507552796514828
-0.009266039233371383
0.023878149473386963
-0.01135153825094544
-0.03073967100416137
0.04552178393380511
0.02581605935752653
-0.02031726203170141
-0.03854599601192884
0.012303940721803443
0.005499120482373942
0.008531272108497166
0.02293841867833139
-0.010625218914623515
-0.02630856449326211
0.0019308668179365608
0.022867712442194692
-0.015074588213420134
-0.015136119012242023
0.026987697801278864
-0.010419351474081668
-0.03361756782608437
0.008532491004848472
0.019736511984734834
0.012081895001771105
0.005174823678081396
0.0028342734159268073
-0.08331050683674202
0.02342624040727794
0.10742873083304985
0.06033622225415613
-0.13842206468100224
-0.04353921176434001
0.09296018816838465
0.06936353112075283
-0.06632039128224838
-0.056075362551309155
0.011055831675714592
0.019334144966820607
0.01144926304009237
-0.022262033655060093
-0.010891968969277126
0.012252441219591879
0.03658256403662018
-0.027096677959121043
-0.02945802632353143
0.004475468821670923
0.05267503407317017
0.00770889922866323
-0.01300913278274815
-0.015835062643886864
-0.009421124673354259
0.0031588529856701295
0.023891739063934703
0.006552244262459592
-0.03203332550055896
-0.01832837154846627
0.01055113381685369
-7.045440969970583E-4
-0.001427447332255364
0.008061309940983176
0.014653663801021887
-0.008567285959144915
0.003230404626968979
0.013364621904861398
0.004926720383800378
-0.014943535621926345
-0.0103461263539181
0.005405904813906512
0.0023780813635619824
-0.011796530875764651
-0.001724571749832403
0.005509812450668168
0.006010010765553176
-4.159702144972898E-4
0.008717040126041055
-0.004897645819359181
0.004954623456733918
-0.013752319845979617
-0.010114245638222032
-0.005432846600242474
0.031173298693055785
0.007633815937727881
-0.010942041534036093
-0.020689385089744106
0.01789308143863157
0.01048278927772139
-0.01635311921513977
-0.014634346885201014
-3.542736647376845E-4
0.009695996957382297
0.012327444606142407
0.00949167708986155
-0.014497986440438863
-0.006508805737292162
0.00699955613022969
-8.413363110479719E-4
-0.010271582089929255
-0.002861863813787363
0.019105856488750413
0.01113464319898348
-0.01014057843204424
-0.002909885194736482
0.007453376440798679
0.0031442475305802696
-0.007994270515174732
-0.01181313882906493
0.00840363135554482
0.030671429376144033
0.005026215060668545
-0.04996331173037059
-0.028542929019256293
0.056419495696780515
0.017257462598178893
-0.04309141304750101
-0.04255032947972423
0.030645570951760306
0.006858724470233949
-0.008547583710302432
5.440071266139252E-4
0.018615141718378168
0.0029891107898806306
-0.011000793481778999
-0.0018944910752240556
-0.015172533314796491
-0.013966806997216858
0.02281885122521483
0.021272783767570275
1.556592169651629E-4
-0.022902527256756407
0.0074704645350890005
-0.010766039398611395
9.96780033351804E-5
-0.008533858202831377
0.010570592940736102
0.010107034599212228
0.007548059926815002
-0.0170488041763108
-0.003200898455394941
0.012026595844681787
0.008069240314680861
-0.0032281439423948637
-0.0013770279045582695
0.003297276644609931
-0.017412390547431784
-0.009113013801709136
0.008971981232598378
0.02675175274707303
0.0054129800612976115
-0.01929231516938821
-0.012540683385356625
0.010854367595473771
0.019161135945951962
-0.007769025341775124
-0.011062782485834045
-0.004069155494125313
-0.008211820276841725
0.0036813466611559415
0.01203906453577587
0.015560154566219998
-0.00826839532946761
-0.008390069354499678
-0.013443899412631927
-0.0027670673726755556
0.011231180605669093
0.00937729470575754
0.00325970246038996
-0.00890643101292917
-0.004107079874520302
0.004366544670254249
0.0025052581036414476
-0.0017181000973385035
-0.006525721952779001
0.009078919992557789
0.002951639852150453
-0.002145132902650865
-2.494415973299172E-4
8.690191670028436E-4
-0.00780584746229608
-0.010274925875196284
0.011640981275689726
0.019005422526917296
0.0064638401380024794
-0.01848693832579689
-0.01563818553033217
0.0014860493458298432
0.02834889559369141
0.005120923121060967
-0.0297825176828071
-0.035303131801980074
0.01451376298467708
0.018948445692972594
-0.001701440078737647
-0.008666183742942582
0.004407479457114166
9.320059244347745E-4
-0.006803623496995696
-0.006894645943009086
0.005497698215630304
0.013304568217950103
0.011231504868910988
-0.012216305498696128
-0.0031764431330844377
-0.001099948569482787
0.002667140205061136
-0.010556239600521189
-0.0034313176805064894
0.00986980031883685
0.014783427799554641
0.0019019489251939118
-0.02452870418148944
0.0020923979501360095
0.02213605845697886
0.005871693246481378
-0.012510796029813444
-0.006258211139488198
-7.571251237215282E-4
0.002920133595066611
0.015562247102430224
0.0027128092212911777
-0.005034200881187192
-0.001154617454906033
0.0015198238578133041
-0.00848346481349365
-0.013605858712785565
-3.1309238320474105E-4
0.012418542864070861
0.01493888813134545
-0.002702973893125007
-0.006563954231870148
-0.005582273065784765
-0.0027095366458068544
0.011044819492525223
0.0019163477424495273
-0.008151327583843146
-0.01295010348208526
0.014531613304740551
0.008009675397864595
0.0030576814766781566
-9.804765234352768E-4
-0.0036104470825843887
-0.0058477590449691995
-1.0253172272317997E-4
0.004101925328631668
-0.008189817878825136
7.852965199411189E-4
0.006693185484400934
-0.004010980703750889
-0.008618665808676493
0.0036173976536447742
0.006938716646966055
-0.0038980947400649446
-0.004547678736628088
0.001679881488055957
0.0016239129247895036
-4.7718571614798594E-4
-0.006443716391932616
0.0018047435660145633
-0.0016464898060076195
8.246871287941139E-4
6.229333489407807E-4
0.0016012348367749948
-0.001856356079449497
-0.007489482568398384
-0.011928022563697271
-0.008313496509249202
0.02822438670188537
0.014950495680681913
-0.0029182134285776944
-0.012705446206130695
-2.84016677085629E-4
-8.461304694601046E-4
8.208576627719986E-4
-0.005606468316887828
-0.007303402764150489
0.015238256839902733
0.020979325733358267
-0.007264439431378786
-0.0149210762526773
0.0040134564220945185
-0.006075478143163438
-0.007179147903928349
0.0109647792652527
0.006363470001010188
-0.0013153425450889266
-0.004475322372790817
0.004359684259754046
-0.002709479667248554
-1.5950524933920892E-4
-0.005188202030715579
0.005024143468463287
0.00704473572857252
-0.006858964087822667
-0.006067741246012629
0.009042473120285199
0.0031414318722851804
-0.0045775152817731975
-0.003205941538240955
0.006277984682972508
-8.279714207398687E-4
0.004033713421119184
-0.00796533678420113
-0.002966512671752453
-0.003223728864392932
5.730851821162472E-4
-0.0057342623072207674
0.004892098864142409
0.00451371672276129
0.0032191836660072693
0.0035611000927943926
-1.9620620582388383E-4
-0.007783584153589453
-0.006227740406549793
6.497686933765222E-4
1.408835729896863E-4
0.0029932921297480563
5.122436875915222E-5
8.385636565002342E-4
-0.0011017839763857568
0.0071039146864177345
-1.8644883790037016E-4
-0.0156580513897016
-0.007667509702857601
0.023531808899617656
0.02144577689018486
-0.03616992318022973
-0.018217937447979893
0.030898361879597255
0.017965129404690923
-0.011997094710441187
-0.011478224832176772
0.0012476291977709158
0.002880368970989293
0.0014826468140016055
8.881185390677218E-4
-0.002260020123722257
-0.00838636129597054
-0.010130065735902777
0.0029354930533391113
0.011363118213373795
0.0011408715180037147
-0.0020787766353872884
0.0017304107712967538


