Bille
v_{x}

0.0066398282347159025
-0.023239398821506288
0.019919484704146114
0.05975845411244101
0.06639828234715692
0.09627750940337891
0.09627750940338112
0.0863177670513046
0.19255501880674733
0.24235373056712
0.22907407409769645
0.3120719270316454
0.3087520129142788
0.40834943643501276
0.4548282340780366
0.40170960820030827
0.43752548723721163
0.4646236377391375
0.5250330619985937
0.5501881360730433
0.5669102620799583
0.6169458643888267
0.6694194175869381
0.7172672792088097
0.7522275944300969
0.7778308722049325
0.8142238002821944
0.8699850720021081
0.9101163936756347
0.9559486580408109
0.987596833882921
1.0322856301100298
1.0843494217380378
1.0852023303567881
1.1126396015864086
1.1416286463910759
1.1785026290816099
1.2077816633544627
1.1960584228070674
1.2676189021003283
1.2719281870249621
1.2373717253218939
1.27468889517323


1.3295049708071476
1.3320657480844766
1.3131452663664878
1.2719322334910352
1.2093516895584755
1.1282948682232408
1.0813716960974258
1.0306352676825958
0.9381730167734401
0.8749255821258746
0.8496011923073493
0.8022020375230963
0.7242071713579346
0.6776251938847981
0.648028949856434
0.6011917209752461
0.5395013987849957
0.4877509665156098
0.4250450007124717
0.36593087420035353
0.32930413594591057
0.2695683207709855
0.2129260656878353
0.15595727571288906
0.10742789664835621
0.06722568057797053
0.020576882450020487
-0.03081808255421175
-0.0866641270936984
-0.13397592576438636
-0.1793325179651858
-0.21907735115207877
-0.27432440330882363
-0.3210166777831549
-0.35867938162686996
-0.39856635524678186
-0.44101034900996056
-0.4841141917645321
-0.5083700053556535
-0.5429317624154659
-0.5827712923893127
-0.6153799340427659
-0.6433909100051521
-0.6516801040780422
-0.6615207438385065
-0.6753050289284884
-0.6785703114635652
-0.6794704628640964
-0.684060161340317
-0.6895394409742818
-0.686477013189485
-0.6883563964435521
-0.7039447241883102
-0.7161968614682186
-0.7342729747938749
-0.7597918065402587
-0.7633869248883864
-0.779510195795892
-0.8057640158439157
-0.8196182512919128
-0.8215036542034699
-0.8172270629330081
-0.8119514213397693
-0.8067658273905934
-0.8031924290826722
-0.7805968949258569
-0.7585172612165212
-0.7522047416379937
-0.7408148220431168
-0.7268902452012281
-0.6969385220365928
-0.6776640409826244
-0.6805711525559707
-0.63529848690534
-0.5949280497379501
-0.584258953892902
-0.5624639589740227
-0.5328304330947778
-0.49098292831215806
-0.464882868637888
-0.45397962891861604
-0.4260756681547366
-0.3893670120676702
-0.36394443075346933
-0.31965614304916673
-0.2736328168768738
-0.25769064922293256
-0.24434036244829685
-0.21310717943717172
-0.16834089068717206
-0.13408607508870649
-0.10493449909211612
-0.07029517860141382
-0.04535460922774374
-0.02354797084207228
0.013059706757148359
0.043710020430042976
0.057654651236158025
0.07146611456260872
0.09590843499945231
0.11515473262213732
0.1320118204378506
0.18336910907115192
0.19378970472190796
0.20138654639977485
0.25706043998039707
0.2890392276690997
0.30535084905611093
0.3290182719263752
0.35351309993530966
0.3678037416884231
0.4102155412259234
0.4301043193672718
0.4300879019296338
0.4781127824349184
0.5134002532406794
0.49710470516304417
0.522345053217525
0.5706658563139094
0.5649922583486479
0.5702658028016507
0.6051080411143692
0.6413804465053979
0.6573793360495493
0.6478507945854833
0.6550059349225889
0.6680996943659377
0.6737583717666449
0.6929511243689183
0.7110653791969869
0.7113315484332463
0.7152423201871574
0.7235994868570904
0.7113576939483298
0.701221745912423
0.7079751985846571
0.6891465749848801
0.6709324247062725
0.6561316075246932
0.6283575565915831
0.6123278992437965
0.5736087438388009
0.544039208529509
0.5332385672554051
0.49676774629345716
0.45370891973645167
0.43967448879994164
0.4250000016180725
0.3808998155246067
0.3513933535171095
0.3142748127692879
0.2881411091289579
0.2790364293439995
0.24923361265481964
0.2148597341934719
0.17620431420620972
0.15867140484213693
0.12747382935491314
0.08747394893192804
0.06848753556258938
0.040945415580128486
0.009125087065159593
-0.011274142975994876
-0.03850100831709994
-0.0658975102749642
-0.07824862380831997
-0.09067450070592843
-0.1179538366398299
-0.137561128088534
-0.151918946547092
-0.18737245365516011
-0.20321087395054752
-0.20855196027124887
-0.2379080738569452
-0.2666479824582662
-0.2853821240247417
-0.3068469116296122
-0.3229995799006263
-0.34659024777147895
-0.3702591398895453
-0.3951958629663682
-0.41640471338784735
-0.44983476238157366
-0.47898809035260365
-0.48632200518499125
-0.5139405384491964
-0.5324260001989246
-0.5621455496289498
-0.5980039988912921
-0.5948318898376274
-0.5985445122110524
-0.6296050132028707
-0.6367651515157329
-0.6385848225049494
-0.6448140853448916
-0.6469884463713941
-0.6416520839700781
-0.639607609689225
-0.6275872852572437
-0.6157924566468006
-0.6110506019967425
-0.599929351040632
-0.5973500056095471
-0.5687994953233526
-0.5579214741320124
-0.5606191472358651
-0.5391723172144067
-0.5272436783684472
-0.4998112125458248
-0.481150689916365
-0.46682095336632606
-0.42555953694922183
-0.39726180148458057
-0.3800204022629156
-0.37422789668158774
-0.36016898887285215
-0.32694226253751607
-0.30481360941233615
-0.2718432175200561
-0.24180829111182553
-0.21660073471381763
-0.1946968841794091
-0.18229264199328038
-0.15479412388001113
-0.13262912581191658
-0.10767459619922941
-0.0873617982705309
-0.06490120982561139
-0.03536340581081739
-0.028709012763902565
-0.016403123104639424
0.007675137171079614
0.03865145927141733
0.0692455146558962
0.08335318500300984
0.11024621554649554
0.13807170077577693
0.15054339555925933
0.17019602397455943
0.20772831922755333
0.2376490020940958
0.23995411637260314
0.2726400159159704
0.31484388998624613
0.3156571519860485
0.3346355524150753
0.3717318012095426
0.3902652937492593
0.40257085638207457
0.42060511971320474
0.4428264667345033
0.44868400686579096
0.473562501976831
0.5063639634317068
0.504887887869609
0.5194953487920806
0.5335917555917713
0.5532561451512797
0.5710623176784146
0.5610795486378719
0.5725434455811816
0.5920397388768521
0.591024498156947
0.6003742337084651
0.6037122087247129
0.6028725040278992
0.6104978942826434
0.603001285973643
0.5922133719455749
0.5933296839339766
0.5795256837480499
0.5627421764469682
0.5559936197193396
0.5300691804217263
0.5058528878752592
0.4914324151349857
0.46655453261111746
0.44791005643044535
0.4279174132228718
0.39764003917404495
0.37655541148712257
0.34848958187310014
0.3165309416296123
0.2944712726383853
0.27975097669763005
0.2491169962860286
0.22342493061006147
0.21466869928386428
0.17689884859920252
0.14585768099464408
0.1282013695271511
0.1054333270753638
0.08666331908451216
0.0529286254142796
0.028631780939289763
0.01228913977635012
-0.0026661271546875617
-0.011617106742171398
-0.02699884671027141
-0.06392590378318358
-0.09604805125571456
-0.11174653223494246
-0.13804502191238827
-0.1547293433953996
-0.16656783643814643
-0.1995675872315108
-0.23075992786521346
-0.24532057621806738
-0.25733212304349723
-0.28003392162654867
-0.30374645935817474
-0.3360968719923317
-0.3648145760468899
-0.375212868328074
-0.4043707856355203
-0.4236251364456086
-0.43567535041395006
-0.46276318050803783
-0.4842992129739989
-0.4991166391113421
-0.5092897125864357
-0.5339572931262428
-0.5511380105714757
-0.5616420489595925
-0.5732305757966316
-0.5734679901402265
-0.5684447920158611
-0.5685361964698448
-0.578006664104159
-0.568877141673135
-0.5646853544673331
-0.5653910580700393
-0.5505956123837144
-0.5335091943591777
-0.5280218443966825
-0.5159111402217332
-0.5060669902542755
-0.5033588395685303
-0.47724021608058526
-0.47452712330491204
-0.47364608478603176
-0.42746282236015926
-0.4193568526877065
-0.4129650112753291
-0.3825216926027043
-0.3613109118971602
-0.332033229829728
-0.3169092942697648
-0.30716314178423015
-0.2828028066254811
-0.24577969151046816
-0.2289116017770458
-0.21788133163633092
-0.19340261278610188
-0.1620618862856372
-0.1386729168268203
-0.11646299180027181
-0.09146843311815563
-0.06874643547718971
-0.04224925825957597
-0.019327140232066237
-0.0021155246887475288
0.013287682216853659
0.037701260557685225
0.06599400665765948
0.08127630398435984
0.10655402121776672
0.14273831572229995
0.1587995316879374
0.16838629775464625
0.18534076892890924
0.22075524643130606
0.25361082129525836
0.2565087104987965
0.2772540311016005
0.30012431283249574
0.3194937136167685
0.3351176004853404
0.3494495049591165
0.3751578412089922
0.39557513910602016
0.41965505510376067
0.4256244527355082
0.43887473376696695
0.4559055502757089
0.4710423585222811
0.4998818371915733
0.4925475329406094
0.49697400443003953
0.5195183417101709
0.5094190730033121
0.5264750923449022
0.5413151877001434
0.5327851419013431
0.5343932240622229
0.5396762894670073
0.5441388517712334
0.5419722373896323
0.5413301842849926
0.5347993708145439
0.5197289615004933
0.5168391007763137
0.5001678952587152
0.4754803412050371
0.475932977597099
0.4561323903892166
0.4248440913130105
0.4140841927230402
0.3969122879580232
0.37510729818178545
0.3480547776241762
0.3177019477317247
0.30389543066086616
0.2762333692839247
0.2511495523323515
0.2467687477419496
0.21221874555877787
0.18804898236292886
0.18155172305025108
0.15361934505267685
0.117009216050074
0.09334618803008149
0.07558107081829202
0.05847603649840867
0.04685235000413007
0.025116549356659922
0.0076507956575838695
-0.008440134914973911
-0.03886038333681503
-0.0660567912064235
-0.09214281301785217
-0.10164789155403288
-0.11997883186768041
-0.15640380182211303
-0.16889219589830765
-0.19180514834418802
-0.2177383903717645
-0.23496556182668907
-0.25949862873813123
-0.27427165650769425
-0.29009875906690485
-0.32128199822089687
-0.3455002523724566
-0.36605964411999076
-0.3758665052885535
-0.3981132689908174
-0.4272832262112699
-0.4495042675528692
-0.46221757436169436
-0.4694397387569301
-0.4766263118447317
-0.4865025420360838
-0.5149042258103804
-0.5190137440831054
-0.5200946011027491
-0.5283760132818426
-0.5308408333056859
-0.5294328912467741
-0.5251295722702549
-0.5115422992586605
-0.5110998808706262
-0.5149015151222922
-0.49507181345648493
-0.49374710174819303
-0.47764181175159515
-0.45081243856841063
-0.45872070953030597
-0.4541039135683703
-0.42733026525345796
-0.42229530844599394
-0.427668283707533
-0.39509983603705834
-0.37329590130858586
-0.36616799856188476
-0.34232694680204245
-0.31748931556351234
-0.2974898940030684
-0.28353367942306196
-0.2666177696942088
-0.23468759406283943
-0.2201458369033947
-0.21521845187434194
-0.18079437101331045
-0.15317748308357557
-0.14106963228984373
-0.12375871489868877
-0.10834175160109043
-0.08742557238181774
-0.05434776410339488
-0.040334741775434745
-0.02828855114010399
-0.00641493561138454
0.017831302004028587
0.039255414860202224
0.057687509351064765
0.07172967278311136
0.09434737135433302
0.12688901380178005
0.1412477186029821
0.15654092437642148
0.1769940784658374
0.2030226075181331
0.2269172453457797
0.2395109897285236
0.2583073555536886
0.28333551936167417
0.28733648120837174
0.30710102483418594
0.3407438553345725
0.3463555430510226
0.36323472395395323
0.38979246785318195
0.4004977245423681
0.4188785486097155
0.4293998646092179
0.42768968422342835
0.442796876568336
0.4546958292816915
0.4616291954108355
0.47609358390744916
0.48438028265298494
0.48742569834881605
0.4967293109359821
0.506160619224114
0.5093613690061225
0.5075721257434984
0.5041487631443266
0.5058657317466073
0.5002365016935392
0.48944368116540804
0.4917099208785993
0.4810725218749465
0.46421819973928746
0.4527796649122103
0.44360694308665816
0.4262907005992946
0.40714163716306323
0.3882911139845023
0.3728845568787218
0.3558480147489168
0.32165481967543014
0.30646430833330973
0.2872003142244828
0.26388879274640714
0.2477640242385179
0.21415047493151984
0.19879323868700757
0.1766824574678747
0.15171318184133264
0.14065813997709048
0.12464136995988018
0.10004746627177033
0.07845811228378605
0.05770063597044228
0.037172861007501876
0.0197469661809782
7.411958541588413E-4
-0.01796967597244814
-0.04658890621521637
-0.07154334858242765
-0.08515788333714479
-0.09767134523875892
-0.12624811834203717
-0.15025582533896228
-0.17107236072353754
-0.18587508580608034
-0.20129280691867749
-0.23163981755084562
-0.2567690261169042
-0.2710007383746099
-0.29826565664930144
-0.3100862715072559
-0.315612122404575
-0.351290461807406
-0.3724664754913137
-0.39572611512590944
-0.400666403874761
-0.4129936571463063
-0.433996564719061
-0.4384637059587186
-0.45436671666170864
-0.4600251830006513
-0.4803445037132993
-0.4880878054563608
-0.48289997348169283
-0.49068573041286045
-0.49439910838308815
-0.4878945639375314
-0.47770506450150446
-0.4795309223912629
-0.4802541331207581
-0.4615387898668798
-0.4492000366584507
-0.45012727605541947
-0.4361326154834634
-0.4268957310013049
-0.42117245315548374
-0.42900845843144936
-0.4166737474716603
-0.38402747059074593
-0.3740133697657911
-0.3722128920899687
-0.3429057554422118
-0.31456952971849544
-0.31245458738648757
-0.29052431134559015
-0.27815554559972494
-0.26418339611586
-0.23542626339936285
-0.2208662927612559
-0.20036732757105236
-0.17299972405131406
-0.15790285016029545
-0.13966081882483392
-0.13274759677061795
-0.10410303927278496
-0.07495733773825368
-0.0679732026940608
-0.04579234990144934
-0.02344265836471869
-0.001176176353691061
0.015860040740956375
0.025534804130485343
0.04536719835015653
0.06414709432047182
0.07768252306761807
0.10739609419991748
0.1373541812370727
0.15430003705743195
0.1669796196955725
0.1818191188558548
0.20605124036661698
0.226863341120228
0.23208738237929158
0.251721650561696
0.2829777533136638
0.29248504900024225
0.3028222601454761
0.3237861489435517
0.353259838449438
0.36053005814977945
0.35584750268409593
0.3802678890811544
0.4093580891523316
0.41383828249564153
0.41460618356306395
0.4229701864518303
0.43516459308310107
0.43598831307809355
0.4399105213455201
0.4482697480465535
0.45558144372660125
0.4715023399836348
0.4655936924424295
0.4639887718514539
0.4750106011771273
0.4770843081481124
0.4587635225480675
0.4542892033041285
0.45231245054748215
0.4432685713555467
0.42796108370320485
0.41976563148469237
0.4162430619591154
0.38616196367031563
0.366676214729497
0.36799632665863485
0.3558933118361247
0.3372862270454869
0.3211031874016964
0.290931242699783
0.26425854128182585
0.25504891325748597
0.24215836391332776
0.21278100514678905
0.19060543435966623
0.16962153634669688
0.151497814513495
0.12668483748878284
0.09585967942440325
0.08160167234041443
0.0615074268664897
0.034826320259340696
0.016486897394271983
0.0026628041466632193
-0.014263867598045172
-0.03681572384788084
-0.06522976289663057
-0.07385683210628516
-0.09089035045250561
-0.12145086841655363
-0.13782651292700568
-0.16559042617163205
-0.18663188835994418
-0.2032641290379699
-0.2226044364714756
-0.24463541941321576
-0.26432914435937754
-0.28498655128002387
-0.29988438834349557
-0.3098501419150265
-0.34321487229460956
-0.3627225049185199
-0.3634146078209754
-0.37432999925747323
-0.39446606041039045
-0.4140450079339319
-0.4224413163580747
-0.4344701994627286
-0.43799677317302665
-0.4362994243657088
-0.4428173426562112
-0.44678048459200925
-0.456134699102093
-0.4562633109565123
-0.4482900895369683
-0.44336284495894385
-0.45103975400463864
-0.4370535983130608
-0.4248623706374989
-0.4315406700702683
-0.4196939565175288
-0.3946064737890009
-0.3883479403292041
-0.3928450835207946
-0.38757618580743813
-0.37607057812135253
-0.35243937065353353
-0.3447098310453562
-0.33409757052749545
-0.31158804394400996
-0.2946636742386685
-0.2862459886075985
-0.2711437709127305
-0.23971585252812438
-0.22134223674858766
-0.22244802748294898
-0.20223021991939455
-0.1716329950581818
-0.15635747562712166
-0.1459934954975174
-0.12776418393582187
-0.10154823821848956
-0.07996243313383491
-0.06257807975009866
-0.04813610951514853
-0.024724207910427766
-0.0028856340002577667
0.0035371705514607816
0.027567583735626407
0.059376875657815804
0.06876188171791493
0.08302488124420265
0.10106246171915209
0.12515201223179107
0.14486912273421554
0.15889380442375192
0.17779369103741313
0.19008979096459705
0.21286816585835489
0.23405629453845697
0.24567712449826462
0.2710896608093008
0.28337960090959474
0.289366037535729
0.3148382742920442
0.3268792158584626
0.3441574261403225
0.3489692889490999
0.3632511172413776
0.38584112374324747
0.387587846462275
0.3867221447969589
0.3854667844088053
0.4023950636702718
0.42085541470754795
0.41625555325974206
0.4276505335871449
0.4326902215810569
0.4268284899443108
0.43383222263202037
0.4413694689843972
0.4442093137074794
0.43401850540267906
0.4244941920318076
0.4196417237100938
0.4202279060101453
0.41286057037428403
0.39607098032929744
0.38724867453302114
0.37506974468802795
0.3545746245985424
0.3480105018160294
0.32956661143525756
0.3106961350389554
0.3044631170138094
0.28313333467742824
0.2629566051066941
0.2475278013879536
0.21675847768914566
0.20378948616219905
0.19189588912155608
0.17308482672495415
0.15742871111432125
0.12462033105366796
0.09670484374881619
0.09611841461794313
0.07092075457078442
0.03661228410817015
0.0224212409872511
-5.515515461639066E-4
-0.011259272467659951
-0.03240990778319653
-0.05112995360311279
-0.0685740049532236
-0.09728219449923874
-0.1172135396860649
-0.13788024863913942
-0.1591876766679094
-0.18918696608463467
-0.19604388673756826
-0.19713823124353663
-0.23439605624927223
-0.2574139029446205
-0.26274298155845643
-0.2860589866651487
-0.30478927641156495
-0.3035873032372839
-0.3188643758821492
-0.35024746582385385
-0.3608211678202324
-0.36689674211788775
-0.37820344055984706
-0.3887007329002184
-0.40799263643987016
-0.41231429744959747
-0.4063995283520659
-0.418451232298906
-0.4241735242151055
-0.4227133065993051
-0.419254653507269
-0.42082849338540335
-0.4156097927523572
-0.4138261226346615
-0.4075811629213847
-0.401955191091038
-0.40010600651906214
-0.38581038848927307
-0.3779831237693816
-0.3709164279701365
-0.36808974975384934
-0.35386537036374627
-0.34449365142490534
-0.3280131950298602
-0.3124423554961837
-0.30713727335202196
-0.2925580368916805
-0.28552731284086214
-0.25825944375192644
-0.23116981280151955
-0.2283239136892436
-0.21905853698874414
-0.2012116173763145
-0.1862415628752586
-0.17380519430270994
-0.15305493777197907
-0.12291918848962868
-0.10331082444630701
-0.08922814630069774
-0.07225227961415086
-0.05675190618613718
-0.03631670075494983
-0.02202011129867868
-0.007073508835345602
0.012032396257672195
0.031225575195550873
0.05474050044105896
0.07459499339246516
0.0898381676582401
0.10406529520036634
0.11718665859195079
0.14207758978614787
0.165530961052383
0.17731373228102426
0.1920477207239763
0.20679770183709392
0.2272332330310101
0.23647282120889868
0.24719374073636358
0.2714945642395091
0.27994663658664304
0.28886083273605073
0.30949436074061865
0.32671282879939473
0.34166669492258267
0.34502014121077246
0.35311798784789766
0.3552428574253825
0.3579225618804294
0.37649982639841323
0.3824784355422179
0.3846930641318888
0.38498824465743803
0.40575374892227073
0.4042588910069585
0.3939864971948873
0.4094236122559584
0.4134060733613891
0.41036589072951424
0.40714517245548426
0.3961558064842348
0.38820254817400496
0.3912463061662586
0.38248503598600464
0.370329635666827
0.3519323186873277
0.3419397095341894
0.3393148645124697
0.31500957969573545
0.297288241024751
0.2812263422521866
0.271812885629587
0.26555414465296506
0.24872963881005716
0.23110943577270066
0.2065361230499346
0.19124636342849569
0.17085467159284312
0.13362414048195861
0.1227475442969546
0.12473796219277489
0.1032139399038877
0.07902042362697433
0.06168478561690643
0.03754014107540221
0.012640329629463475
-4.90607836422097E-5
-0.01575023001406919
-0.03688907989477039
-0.05664960955737854
-0.07807239019355856
-0.09882639832628545
-0.11253073151913412
-0.1261416605075072
-0.14498083410015167
-0.16365994487094881
-0.18808668809044965
-0.20156031841725272
-0.2128337822124541
-0.23688428598218025
-0.25561835458472804
-0.2738262529328202
-0.2809760643099657
-0.29299421770411427
-0.31184541146333594
-0.3235758948988738
-0.34378504274677674
-0.3431618195878995
-0.3456701807380412
-0.36939514508194454
-0.37474817435432933
-0.3765526188398977
-0.3771683094911096
-0.3799212127639065
-0.38991252642533264
-0.40140003218902254
-0.3973835942657566
-0.3894248894119301
-0.38702496609403286
-0.3871328036815303
-0.38093176204596846
-0.372026267147329
-0.36778491863541274
-0.3667063034964681
-0.3631392762690924
-0.3321551578262918
-0.3195123634660159
-0.31947476681815423
-0.3255588129228457
-0.3204896057586132
-0.28491752098161216
-0.27261327167998084
-0.2671081482175179
-0.2519522819014922
-0.24845062576972557
-0.2404862606148823
-0.20865784900440038
-0.18845631125028306
-0.17992475105596317
-0.165038650350394
-0.15327319684789428
-0.14153662993066884
-0.11521117395678264
-0.10055935522876366
-0.10153128028518169
-0.0703699943869463
-0.05414068595252013
-0.03813063360413556
-0.015340814063092716
-0.008058647611489944
0.009733952812648258
0.03159991977555451
0.053278710619397145
0.07175543066505809
0.0940505033283667
0.10145109796743856
0.10435297394062994
0.12377122881110254
0.1490634031933297
0.16316905270560064
0.17674446428334453
0.18963971401101842
0.21153105715107234
0.2410833379682536
0.2676167149076161
0.28575095330525013
0.2769891373661423
0.28846369265311944
0.31478218229144694
0.3133395577676894
0.3251875586743409
0.3373884184054056
0.340486162815169
0.34327514701149026
0.3517462815698529
0.3598782595534153
0.3600525133700398
0.3727674043930963
0.3731698902500177
0.36989909275403055
0.3762756199321965
0.38196849571356833
0.3841911152556208
0.3744490131762616
0.3696185127053739
0.36650867218317196
0.3564559263959273
0.34762083025545093
0.34640701047130085
0.3324008488125338
0.3143382710447538
0.31490934556737404
0.30749378416914747
0.29147528385546173
0.2685153954580623
0.24596183183788614
0.23074200229252656
0.2310769001399998
0.22335867991902375
0.19852587355938492
0.18175011696294455
0.1656007587648558
0.14767274048744775
0.13012904155448557
0.11429686101230256
0.09610481572841119
0.07713735744371351
0.0560726547517465
0.033987121198162974
0.015689236364001338
0.006006328177212244
-0.004421691549217188
-0.0289753547973114
-0.047139766166641416
-0.06910840899681246
-0.08622457703007386
-0.10252004680074739
-0.1313109979115933
-0.13786073936509038
-0.1395611018913534
-0.16772444238489578
-0.19025903629242938
-0.20557825996563145
-0.22351883180178958
-0.22480742294200515
-0.24147396274406285
-0.2635159056890802
-0.28161677688937065
-0.2892195657972149
-0.3051330394090013
-0.30697107429420323
-0.3131748638333425
-0.33448193135220633
-0.34348263350626257
-0.3517735586966566
-0.34924107983395986
-0.35297931631750645
-0.3560825592838146
-0.36615721083670105
-0.377806550776306
-0.36757810528863333
-0.35805495170140894
-0.3555736415734246
-0.356155273980487
-0.3623696793589758
-0.34640177437118386
-0.33218562641819316
-0.33164033979669394
-0.3284260465382969
-0.3053305829596468
-0.29324957307257565
-0.295776283303956
-0.298392926115758
-0.28425472774248867
-0.25646246356018887
-0.24593678403612249
-0.24196471099852138
-0.2264433569227688
-0.202354704382254
-0.20170603626353614
-0.19929641503643322
-0.16941792643128178
-0.1506590365936308
-0.13884309039843215
-0.12422956018272213
-0.10567244979152582
-0.08840596835975244
-0.07920488832904009
-0.0697059141779667
-0.054441629220146795
-0.03530369634142325
-0.020139949900764766
-0.004388128192274524
7.66800340842863E-4
0.01534293525340683
0.03795442791285848
0.051044508644086085
0.0589832005534201
0.07326483901593452
0.08907321406332885
0.10231438118498845
0.12417715325521593
0.13642246572851788
0.1384779298237204
0.1624609292908554
0.187486631977239
0.1919844396352412
0.20652210597430162
0.22336306648579157
0.23143115198631709
0.23385132585308113
0.2534716550926186
0.28123697620620164
0.2743303261160842
0.2748229160642607
0.29758242022438847
0.3003155137867424
0.2997908793352233
0.3196556496266365
0.3229724939007394
0.326009097001499
0.3283723769763129
0.3381115721999993
0.3568936451942266
0.3383673918887042
0.33953489444380425
0.3479207813590315
0.3534175551752261
0.36026188557064537
0.3458056510046933
0.34056435501663423
0.33344073987339207
0.32624716726512537
0.3244625928497316
0.3233962987199334
0.31510528412114047
0.28833755636896125
0.28273563281596276
0.2836761288036492
0.2630074818723443
0.25241411641232897
0.24290110098957093
0.22842315388138004
0.20064459468863147
0.18279364794693498
0.18536113128974435
0.17458332226629322
0.14989613546718447
0.1287632791640998
0.11303124387687209
0.09919215276648091
0.08277142294397394
0.06489504419872888
0.04561820420008698
0.027529832874566756
0.01352529353636995
5.994961762060049E-4
-0.006414858701493365
-0.023266942096731878
-0.0422590731330458
-0.055019863769030085
-0.07797044831188704
-0.09366526431790712
-0.11041061534500266
-0.12558792113656203
-0.13874203454111214
-0.16518861256231412
-0.1847096690141536
-0.17666647595023988
-0.18566233080562705
-0.21881416496429185
-0.2339502848728499
-0.2396461595398842
-0.25111004728587855
-0.276220695899256
-0.2750197217064936
-0.27946745620568414
-0.2950960431698719
-0.3048040864734185
-0.31428733443835943
-0.32533508314100645
-0.3262373232723491
-0.32496232711071166
-0.3375976761193352
-0.3382548779963517
-0.34211557069847354
-0.33891153551771436
-0.3319309835418429
-0.32662147317042683
-0.324517025115463
-0.34059639085139265
-0.31832223217454886
-0.30865967378662307
-0.3160083091678463
-0.3017377645219227
-0.3015341654998306
-0.29646853599609196
-0.28280494196583184
-0.2656519786366494
-0.260957983393589
-0.259605019913547
-0.24984913819861598
-0.2316019349761866
-0.22032331627855936
-0.21118998382354962
-0.1953347462101312
-0.1819686198902281
-0.17203843813729483
-0.16447870102520618
-0.15485429052737357
-0.13964457436186156
-0.11552779493628818
-0.09438069089365586
-0.07970110917758598
-0.06889959076073787
-0.05272153379727436
-0.03932496915637851
-0.023340051739454526
-0.0027932609301527466
0.0048717272787796384
0.022708570457257868
0.037081628935180744
0.05193124976574097
0.07172504533120422
0.07770700593650705
0.09222511536552608
0.11416199401905389
0.13405620045110098
0.14998801224766117
0.1541323025921408
0.16176610042721598
0.1853113099054099
0.2029378269379437
0.2045824945272231
0.21135014185894135
0.22715456639220838
0.24700243050183895
0.256666971852363
0.2571110452966581
0.2679341919713455
0.2740004457447041
0.275199053974421
0.2923860938621019
0.3010438423656687
0.30599457727388263
0.3081870717323178
0.30251883464125723
0.31781944143617696
0.3235901942864638
0.3140891085435679
0.32318707764685656
0.3236961847601509
0.32621178803144246
0.331886864099278
0.3212387992973507
0.3178287258256242
0.3091393024274236
0.30377075990218055
0.3049063003624812
0.3002639498592907
0.2896687634889801
0.27014370202047244
0.2560604205336631
0.2472518219446465
0.24498633602985317
0.2360554133841203
0.2233448923334698
0.2095119062617002
0.18920977709474543
0.17174989660734064
0.15836340986114172
0.14597011831313117
0.12302323315848374
0.11501345947451795
0.10642890082081288
0.08519810576939676
0.06892763936318105
0.0470465639287233
0.03041508765911782
0.016996909949465514
0.0038793470294805955
-0.017074186122729384
-0.036049648320751186
-0.04634174882754629
-0.06565544625718094
-0.08737683980011673
-0.10749761959611964
-0.11575881517446755
-0.12489598192986119
-0.14565060655536527
-0.1571122272354889
-0.16935340078598116
-0.18708950872532892
-0.2044020788125808
-0.21584617977001666
-0.22889220734257268
-0.24733335992488922
-0.24100915519918412
-0.24937474890360534
-0.26885402843601863
-0.27979517600244225
-0.28473000533360243
-0.29139872073125167
-0.29615873998643205
-0.29324962559059947
-0.2995065362716355
-0.30562500976625523
-0.3143223026717949
-0.318550573918815
-0.3147073529689623
-0.3113601546844029
-0.3044497957491733
-0.3020798234986313
-0.3132241164055663
-0.300286823084695
-0.2899023542228463
-0.2877341326570204
-0.2749916887202388
-0.27624854574449925
-0.2742538652384041
-0.2571218252752455
-0.2486064239595447
-0.23622055156514812
-0.22409134411259327
-0.22264090127455344
-0.21758115410917145
-0.2188039829562625
-0.19315884663943428
-0.17276474573010805
-0.17236513631811332
-0.15906224328248242
-0.14227074358441483
-0.1337951702142834
-0.1172180811311346
-0.1037508681899087
-0.10380491286197681
-0.08468777420593898
-0.07328306641204609
-0.05666196654743485
-0.0283644550813745
-0.01791153724232817
-0.011058858725588074
0.0023865685323970053
0.017727076994305084
0.031220916256600523
0.05254100816905556
0.06893566643917715
0.08476084962427863
0.09976273605724126
0.1030467550482793
0.11679086404183209
0.12653154440052086
0.14051882015394956
0.157160118303837
0.16883564736865495
0.1721051788150688
0.18013818540803372
0.20186651896437566
0.21576503633373686
0.22505906484843996
0.2271269998629562
0.23562562235772253
0.2400716784471424
0.23990365579878956
0.26401525250682956
0.27828797955371837
0.2665538002389537
0.27938877190438444
0.280851790725121
0.27784893627771373
0.2953587285804797
0.2965128394960903
0.29276924174888636
0.2957662163591972
0.29417402455723696
0.2949690339817562
0.3018430389063111
0.29940794782105995
0.29160894067893206
0.28754595874633576
0.27438051897247717
0.2712566665655968
0.2688081727105181
0.2655932392996679
0.2555719770374666
0.2381425208094494
0.23226395644478845
0.21385357884040657
0.21448656256808052
0.21365544288576777
0.18915717699880963
0.16797632523368225
0.16241673454858505
0.14875150730384837
0.13432084778513972
0.10731962244361458
0.08745202062463923
0.07408246422379408
0.054860896073959206
0.0468789385952412
0.03272199089116569
0.009593133252733671
0.0030900546485885636
-0.00440468238790145
-0.02336583347355294
-0.03405836543780879
-0.05652792564648684
-0.079253945790104
-0.08951824852347542
-0.10582256101338557
-0.11742773710157052
-0.133878367318678
-0.14400892258861253
-0.1629962897128673
-0.17572884047818946
-0.18484284055171085
-0.2011715542975229
-0.20591662808430317
-0.21114934934451599
-0.2169925872292998
-0.2332109772081558
-0.25450580118610866
-0.25619308324219514
-0.2613280589190563
-0.2700215770033528
-0.26698555722719797
-0.27406009395515724
-0.278394193144613
-0.28095045226640136
-0.2883595944832901
-0.2925173957973331
-0.286042625222821
-0.27821188157462906
-0.2817595419294018
-0.2800145050010242
-0.28229990707020697
-0.2787281342033472
-0.264107638287436
-0.26517217818647876
-0.2588991968968458
-0.25019174660742804
-0.25584944327926096
-0.2453606904557866
-0.22625327855974323
-0.22284057605159638
-0.21396158832304019
-0.20300152856745293
-0.20066455834976393
-0.19280171474762142
-0.18652928779525277
-0.1760478588082232
-0.15456835075951675
-0.1403312376398737
-0.12921227499288038
-0.1196601309635643
-0.11341126708338577
-0.10017490710780722
-0.08951031233198144
-0.07761804762664457
-0.0624771693854824
-0.050823336639711794
-0.03415911590639829
-0.01826697746908516
-0.008918934173633816
0.0038530685620218846
0.0156936968601048
0.024124864499601797
0.037619833382827435
0.05459109072374696
0.06437723124125315
0.07318988452315531
0.08509960691207137
0.09716346608380816
0.11192041240260847
0.12394194909472199
0.12879179121650125
0.1350745078009365
0.15228232598419073
0.17344719018705435
0.18253241554246266
0.18677032001611646
0.19520803208623447
0.20243196401031288
0.20945059550274917
0.21268317893034921
0.22448635485093238
0.23667647011839754
0.24145414447203706
0.24362159001609118
0.2511623748151811
0.2577529762261059
0.2517051026318925
0.26612009360405114
0.27808424467710824
0.2704001176018695
0.2622780553433086
0.26744121873712057
0.27007868147763076
0.2712657032229847
0.27931819321391577
0.27055176443139584
0.2624938704343359
0.2603172871704573
0.2559812817199123
0.24567449602046285
0.23718342263798894
0.23710621195025347
0.23344463862746492
0.22652686512462453
0.21608044287781492
0.19560763112440502
0.1732290149907978
0.17259815927295585
0.17609825671635598
0.16395163722567888
0.1484091610103912
0.13453178563451867
0.12283045587018797
0.10470583770864543
0.09743564465155435
0.08939109010680671
0.07194802361392841
0.057437083021429663
0.045303651201780745
0.03733701563659707
0.02103088099283551
0.0047858324524397864
-0.0038080087381063
-0.023933497593183323
-0.039523957849924476
-0.04777251320083947
-0.06213139855256679
-0.08002881287638179
-0.09115471899145224
-0.11031122491365701
-0.12245635716938304
-0.11658375693107909
-0.13012696480565303
-0.14897709090670738
-0.17325416739551733
-0.1744270622795738
-0.16267973071687258
-0.18419258486448073
-0.20655406089617362
-0.20560758210840768
-0.21658028717260538
-0.2270205645250438
-0.23178389326278706
-0.2446285237999188
-0.23624299710840854
-0.24285521297868576
-0.25355362485452754
-0.2545160135226442
-0.2638710838121509
-0.2673262446903134
-0.2671372958065725
-0.25809258557963694
-0.25875631009901373
-0.25369630042077645
-0.2478915071195181
-0.2612889033279472
-0.25507880752706535
-0.23965487135898286
-0.24591096503748275
-0.24217361385150132
-0.228944479235913
-0.2287550353749773
-0.22700351881223682
-0.21863686804585503
-0.19789648914417163
-0.1887833467119718
-0.19330847373931512
-0.17874606156405287
-0.1676437847259853
-0.16306535383661308
-0.15419841872262696
-0.14792551346524566
-0.14372541462784383
-0.12777216771656202
-0.1027032689091685
-0.08697686089337583
-0.07742004450675559
-0.07286816785959015
-0.06892945027828287
-0.049481166946571266
-0.037977829878589386
-0.029257941732316477
-0.008040864034408722
0.0017179949632859033
0.005956403847706926
0.009114861207061871
0.02284357963841874
0.034038772573617225
0.04444099979367084
0.06741279754482704
0.07816574635104127
0.08044413180374982
0.08268898610732395
0.09217820597411193
0.11619740008701576
0.13106133257213692
0.14230857082009682
0.15078693775494229
0.15195103889457287
0.16193865703919427
0.16277873598281317
0.17917644598566526
0.18665032605045162
0.18688842688594742
0.21191493097618336
0.2191918735141551
0.2196370003212275
0.21598577661055096
0.22452320638885165
0.23877588382462808
0.2305887131451016
0.23522573592120893
0.2473961084086346
0.24521531184407278
0.2439277959649297
0.24403862056760212
0.23754924499249336
0.23885412985277704
0.2533361719320732
0.2553950579891057
0.24652884768809838
0.23867345282882244
0.23501548087513024
0.23426219060062217
0.22250315263410886
0.21625548403964817
0.21480091340075402
0.20812445140644276
0.20689130808580591
0.1879786163697689
0.1817276307243972
0.17995744678469747
0.15666141183635823
0.14208960117584124
0.1346073114566193
0.13316390206207976
0.12798490594832912
0.11259951536706271
0.09849453762933234
0.08324561406928854
0.06742410860021054
0.05755631485519346
0.04681603357795942
0.03005879696952976
0.02346833265936468
0.01855486123524446
0.005687663020429171
-0.010695881485634804
-0.02399943783779511
-0.028636123402541975
-0.040202920758256565
-0.053540438496406606
-0.06632983384369669
-0.07479776867679108
-0.09205754430887446
-0.1117879818415344
-0.12114182811914087
-0.12939986029340442
-0.12765539801223846
-0.13250525287544054
-0.1464398151930762
-0.16470141816102904
-0.1760278305411549
-0.17528103351524954
-0.19398698809748996
-0.20602432952602548
-0.20894307577841384
-0.21257418275307874
-0.20744419700591443
-0.21776371768454494
-0.2286001611361242
-0.22766999635782803
-0.22993605792715427
-0.23835088016601633
-0.25000365945424924
-0.24627052554275863
-0.2313452381437291
-0.23212831992387595
-0.22880228993315394
-0.2256396800288287
-0.23548046979008877
-0.24176392711975048
-0.22752253925898708
-0.21147141249711376
-0.21432745247012114
-0.21443362737278804
-0.20688218267258215
-0.1991179941711156
-0.19564584549351027
-0.19674035272641208
-0.18568196405027973
-0.15885935709245397
-0.1519887034061535
-0.15827537068086037
-0.15020281380638542
-0.14143782571664323
-0.12854527283847822
-0.11683345431963121
-0.1093857067923794
-0.10649107272517669
-0.09423116339956132
-0.0827404489338606
-0.0754969603772366
-0.05724109859370781
-0.044600651507574376
-0.03429310059543966
-0.01764509737360169
-0.008938978703338589
-0.004118833973040127
0.006468178744883828
0.017880104472743078
0.03131382506750176
0.04537516746855793
0.05736449671490563
0.0679986460642191
0.08474961298952792
0.09438028460485491
0.10046667568672576
0.10934318440316479
0.11210537230501962
0.126860456068815
0.14176279965526975
0.13883395933771311
0.15069839605221688
0.1605910131266293
0.15796641062997135
0.17162137146627152
0.19181001732334282
0.19097637577221796
0.19186409275664437
0.19349458987411874
0.1978130458444106
0.2112749854150031
0.20991145220380927
0.21224467366230462
0.22558023515579737
0.22749829187138862
0.2229417310952473
0.22064722959692157
0.22334802002190884
0.2264305251377849
0.22279833294641577
0.22771095352289497
0.2289110844041422
0.2191137195421994
0.21092800461223912
0.21068047528279396
0.20625229615269833
0.19015894675443826
0.18770876274809103
0.18790251231353602
0.17891021353313102
0.17379274923906807
0.15974935620391117
0.14653314307731966
0.1464652879911917
0.14209424552934247
0.12427563188478369
0.11250244819017219
0.10044110202663595
0.08440360359462777
0.07806492929859936
0.07527428163884492
0.0698825728824171
0.05971837861661048
0.039714893661958725
0.023938805484412577
0.015417261443029818
0.00893184418695972
-3.995694379415067E-4
-0.01545059974219706
-0.028669699317942887
-0.04292465907252847
-0.05924668876893931
-0.06929711228332008
-0.07791538853006082
-0.08250861463362634
-0.0789809008030328
-0.09196879241052865
-0.1064654528883031
-0.11928602716347332
-0.13087885572225352
-0.14184385393169263
-0.15162579020629047
-0.15353069797282506
-0.1661602569134595
-0.17899495975977028
-0.1885308882862609
-0.1860564548310148
-0.18383514111598345
-0.19873608549409313
-0.2030494294790482
-0.1990129175634567
-0.2090638257131993
-0.2183306292762529
-0.21621933678896743
-0.21862173072209773
-0.21889444734304467
-0.21113018081311408
-0.21227808443656584
-0.21244698175782312
-0.21114644804308882
-0.20655569980662986
-0.21180241359599583
-0.2177892081543422
-0.197133565295121
-0.18803434932900623
-0.19686282460367438
-0.18779819991010324
-0.1785898798069655
-0.18119952616877086
-0.17225183557364587
-0.16100654948208779
-0.15798086707386993
-0.15048633979603973
-0.13543939584980316
-0.13131465354703123
-0.12014120100241459
-0.11054770583773152
-0.10692447595541582
-0.09426118298330403
-0.08636655908036384
-0.08422000577073332
-0.07237828799016247
-0.059672473320202334
-0.055639540031650725
-0.042643238909157125
-0.03301406130832645
-0.02632101327261681
-0.013431089331892581
-0.004419787381850116
0.00955891456312257
0.02970983435937372
0.03716997067724405
0.04235475093489923
0.058162856196868715
0.06320253348391701
0.06364549612963913
0.0754140418701023
0.08844743658450097
0.09408523034159455
0.09604528820800477
0.10638127533460412
0.12476701130017749
0.1310527741857315
0.12590101959117903
0.13351348461433304
0.15360063064860238
0.1610151906914189
0.16797998957277385
0.17475836253728635
0.16899808219241325
0.17023679452432938
0.1836560497576961
0.1887893507760708
0.18203513522036252
0.19385443165032396
0.2045862005356206
0.20238149304757697
0.20193896791596744
0.19975512525388092
0.2021584555925607
0.20511079744960542
0.19916719344446238
0.19837795776262665
0.20695220601006503
0.20539973227034486
0.1952206565114067
0.18808701100789765
0.18372524659713316
0.18596368604528526
0.18053668908340878
0.16573743264973376
0.16116591675071243
0.16786427466109974
0.16292398345816386
0.14634184325763702
0.13794847645426384
0.12448972027705123
0.11891728408494862
0.1145314439762309
0.0996418794502314
0.09406979701570532
0.08452019355442025
0.06796808698283834
0.055262640472342923
0.04654313000994219
0.046929428280238925
0.03507074816814601
0.020817585843465266
0.014686415704516294
0.0029561600848618183
-0.001442805991655907
-0.003766405673179301
-0.01995600697526186
-0.03149943387907084
-0.036752096349743024
-0.04587187479176445
-0.05268574019327596
-0.062315003670622766
-0.06743095689611393
-0.07924103362037349
-0.0907063080583924
-0.10301705916509743
-0.112880041881589
-0.11710911858721838
-0.12568758533386165
-0.13387718757042294
-0.1493689324937567
-0.1673113430316654
-0.164009363676488
-0.15496694241935588
-0.16130272569267673
-0.17257327731356487
-0.1818196004433979
-0.18170584330602124
-0.18936020173039125
-0.1920735319360346
-0.19172457536816456
-0.20346503885804243
-0.20052178268732948
-0.1917503867388274
-0.18976180484088268
-0.19160955373391786
-0.18492400525701463
-0.18792819591534185
-0.1938545188540547
-0.18954744106009438
-0.18753785445991555
-0.17671764678114987
-0.16951947455399594
-0.17301906525212238
-0.16980677759684182
-0.1613885361698902
-0.15484016595755876
-0.14567427360589236
-0.14404116186304927
-0.14361341294846577
-0.14750716148139237
-0.13720878694938105
-0.11186068845123558
-0.09821938838960316
-0.10098202899195462
-0.09976826017637487
-0.08566855024320859
-0.08011790917305057
-0.07622132396461812
-0.05679829315188241
-0.04387139069651174
-0.04525303442851902
-0.035099447369767174
-0.020150572220856214
-0.01250504586422115
-0.008829516100113014
-0.00249193437938543
0.010251122321091525
0.017778995814034766
0.025564184728676317
0.038148113731652736
0.05022974962469869
0.054681651673679624
0.052473722211031165
0.06511261390651554
0.07545466215063559
0.08645489303562932
0.10210876468167134
0.1058830333758957
0.09657615267365859
0.10833855250292736
0.14090485223451174
0.14250877266051226
0.13511104956920444
0.14579912405052015
0.15266516503928274
0.15152889783716536
0.1510279989033289
0.16536620972532903
0.1736082272378414
0.16271643588256518
0.15991137529831315
0.1780429100012979
0.1887893812642591
0.18584233339104134
0.18162341235151938
0.1727456209583268
0.18164950506814942
0.18539151388943628
0.18109705921569935
0.17286102200396267
0.18034464975001877
0.18871638674638133
0.17391047360018336
0.17276463417089993
0.1739086223847062
0.1649581319420294
0.1605490132862417
0.15646042612555636
0.14580907189579656
0.139408331302172
0.14188690814064414
0.14444867861083505
0.13438100072854287
0.12120398927336724
0.10860244041696417
0.10914189815878257
0.10154210925474765
0.07931794436411488
0.07395682937619598
0.0708733557029403
0.051888532030394174
0.04042389711720898
0.0387623528435519
0.028078660930968957
0.013910461426504256
0.006135288379388424
0.005250323586243521
-0.005237307102499312
-0.017705651758360575
-0.026038130180065615
-0.03798105142558098
-0.04398006728679092
-0.04878158591437466
-0.06537688545321454
-0.07762469895750705
-0.08375641921910215
-0.09640568740779319
-0.10411369973959314
-0.11232452966593648
-0.1251954608886224
-0.13003761134383757
-0.1426928652616518
-0.1414030155761008
-0.13378489300765328
-0.14292165856301597
-0.15062448549418644
-0.15468006703360704
-0.15249012374495086
-0.16099372010099008
-0.1717922644718265
-0.17157515661360673
-0.1762455103848387
-0.1800546941977485
-0.17609918172197098
-0.165171484956225
-0.1699219684969099
-0.17793287440465416
-0.16618032255819648
-0.16273144540312548
-0.1672409595946755
-0.1723725220593577
-0.17257256069774174
-0.16136861354499304
-0.14912904584823286
-0.14596623916830942
-0.1522821836838518
-0.15133111896610327
-0.14375841921784918
-0.13644277600788357
-0.12449613181770859
-0.12283936079216524
-0.1224130880288821
-0.11749186519010359
-0.11187303265770389
-0.10699772536208613
-0.09759146419070569
-0.08111047032733366
-0.07280916787942966
-0.06765437901281704
-0.06023624574791136
-0.04861620591382337
-0.04055601070257783
-0.031223276511327013
-0.01819188740283961
-0.011111357935095802
-0.0077821682127278136
9.795573622344927E-4
0.013228589387187068
0.02585196858216252
0.037756267702257984
0.04497401941294225
0.05245178603460135
0.05821825744167562
0.06153636113776486
0.07047175246704306
0.08427306630754121
0.09491664623103963
0.1044765917233262
0.10915975835043752
0.11380775148338503
0.12090563433072628
0.1220614540410796
0.12583248217371723
0.13106252464931933
0.13330218624021536
0.14171742862535217
0.14510467736881338
0.14500599493041746
0.14208033630513806
0.15006260918298797
0.16518002631490494
0.16084961227520472
0.15847721126243355
0.15906285359379133
0.15853585171083498
0.15970471551141568
0.165051939647846
0.165980681649149
0.15687227815834096
0.1548355237303702
0.1644900675072012
0.16565029656334626
0.15548477994547513
0.15017650946798983
0.14503793231598458
0.1417677206829693
0.14372628699041737
0.1482153313814913
0.1375890706224898
0.11851111726757184
0.11415062406225301
0.11027780036808713
0.1115461342219677
0.10789121310330027
0.09644863500598945
0.08761671068006999
0.07644219170418316
0.0664761995160681
0.05688900521398233
0.05313978602208067
0.03942238065962045
0.033747006290198556
0.029753889313880188
0.009624514211846243
0.0011372196770880567
-0.0017985007287676907
-0.011246744167923765
-0.03268868429185641
-0.037588299294438965
-0.04138063771665917
-0.058913476592767446
-0.060549405349965765
-0.06633447647722675
-0.07593725388062565
-0.08466024692031492
-0.09715620049321762
-0.1075166513054197
-0.10398475260953982
-0.10355155248522568
-0.11320038027668669
-0.11832569742480767
-0.1318900366686934
-0.1395921861194841
-0.13378066304172626
-0.1337645453102449
-0.1430259299990738
-0.14828871091707238
-0.15246334871849226
-0.1546006490674239
-0.15895641508945116
-0.16029948602221963
-0.1479712398072527
-0.14447468904733984
-0.1521142394057662
-0.15200580701263205
-0.15084382014473746
-0.1465392697565105
-0.1466173625087738
-0.14931597927144216
-0.14794362823375387
-0.15157224036702466
-0.14444116436247084
-0.1342473393314825
-0.13144368450141902
-0.13046468972512623
-0.1277291675098413
-0.12681243945383644
-0.11655860283286071
-0.11187656476828543
-0.11302674149209373
-0.09851062069871014
-0.09448444282468074
-0.0958649027307923
-0.09257072327698246
-0.0881940754190339
-0.07998170497908877
-0.07354498056737678
-0.060961988628842424
-0.04844539066052795
-0.03902265159636408
-0.02806789282074833
-0.01569745228040139
-0.016264209136416085
-0.014299606977426027
-0.00209701687214168
0.0010776215372772374
0.01717561238838815
0.023999066899487366
0.02830230849847995
0.03710173648092558
0.04451844089652382
0.05200051738383214
0.054256693118615903
0.07100398628627859
0.08004070073093751
0.08616415149051895
0.09283310183145421
0.09179773137529744
0.09339204855009184
0.09727347294417668
0.09822022664147567
0.10310360194651427
0.11410043215329652
0.12007213567165727
0.12164731722712077
0.12732537146478506
0.1257907810426394
0.1211026164865902
0.13079923833240903
0.14090269806586161
0.1443965645654704
0.14415616992059843
0.14659008693542816
0.1395422683472879
0.13473069087456938
0.14296066943554636
0.14801045346165237
0.14662579495308228
0.1408561180397946
0.13647318968424854
0.1430353362197037
0.14858065164632342
0.14421190068765175
0.13681404575276676
0.1296249360259006
0.12983193975970148
0.12183475696782056
0.11355426768755747
0.11188265874000597
0.11255859642917543
0.11026465688217399
0.10508886091217506
0.09347471377183016
0.08065639431340857
0.08077922879291417
0.08180194732150746
0.07261437771305398
0.0658141787205647
0.0667809930653275
0.0551110467085043
0.04176077176542779
0.030252021681112462
0.02238596418394059
0.014774555318725418
0.003467369647393876
-0.0044265156796387305
-0.010897080903705343
-0.020860833049328925
-0.02955594336519203
-0.03744793180050325
-0.04586568735696873
-0.05170884111655251
-0.0638614036316196
-0.07466004840984236
-0.07870472012623302
-0.08023037088058259
-0.0798633356148192
-0.08661392265863055
-0.09205829629906609
-0.10205893229834971
-0.11066084588192572
-0.11063244439624763
-0.11274270276197995
-0.11242897190676465
-0.12156150223750425
-0.12623298585836254
-0.12769157761670227
-0.13022498386781486
-0.14034787859584394
-0.14442005057955262
-0.1332216620877138
-0.12738893198693754
-0.13042729556766425
-0.13745660308759877
-0.1437538199453429
-0.13911920387715893
-0.12406355748701565
-0.12693513055965064
-0.13714862766676858
-0.13053231933192183
-0.12652619071003812
-0.13031901372730623
-0.12254901016949923
-0.11479441870013586
-0.10456645456438127
-0.10575312525414207
-0.11401902934903091
-0.09952957318981154
-0.09943936115214339
-0.0981971950456124
-0.07986376992884797
-0.074422278837589
-0.08042100214639597
-0.0725879445760414
-0.06782354153038615
-0.0699436079740984
-0.05912349055180459
-0.048940741508489614
-0.047127892966720174
-0.03872966938029887
-0.040078720067181446
-0.03391718560772311
-0.019150842537615682
-0.020397328148831998
-0.010907857837265871
0.0020217472649669923
0.0040284557418882325
0.005321191453750976
0.01858710842580398
0.024420362678822718
0.030833161888237166
0.03754010995758313
0.03794868039406782
0.04082293257152764
0.05088841667183668
0.05999533641548981
0.06003267566107017
0.058875032179128206
0.06277870406061456
0.07398336706134562
0.07971801739257954
0.07861799651072947
0.07957263484641007
0.09100123014072778
0.09454134863635885
0.09752915161371191
0.10593637780759213
0.1064780430964933
0.10038626766991574
0.09967971988670353
0.11233436760416472
0.12347336937898676
0.12857193859664315
0.12474892418491813
0.11790917975190121
0.12430671049551435
0.12039164441720561
0.1185908706076199
0.13139729105724174
0.1301019396700225
0.12346426800838206
0.12520014196379978
0.12336767101736895
0.1180717549953641
0.1262621789670818
0.12796723210788236
0.12223749880032837
0.117152715684413
0.11048593032404473
0.10758229970650654
0.10730727867803451
0.10007879567660985
0.08747514338444087
0.08962953707284421
0.09297218392370243
0.09096939650181397
0.08400198064851647
0.07673655845600345
0.07332886131911116
0.06526076029643045
0.05512808632246294
0.04827206703468867
0.04641555706676948
0.04081536382993446
0.03698754971260798
0.03179110658324431
0.027359084335963835
0.021992334994998402
0.007536983036394652
2.9468464778076265E-4
-0.0015628705662653925
-0.017659611988973468
-0.029517398037693206
-0.03225314390871507
-0.040889073235820486
-0.04373599473166992
-0.04413547535003787
-0.048977749133516386
-0.05667000926945989
-0.06328005119612012
-0.06574899472360726
-0.07209495142104262
-0.07990620928758509
-0.0815662696503578
-0.08284988124382597
-0.08422285930009717
-0.09056209319388156
-0.09552742396458168
-0.09375897682656979
-0.10001975090149018
-0.10755239778872151
-0.10723639870255315
-0.11381044495971314
-0.11643316246433615
-0.12035188359700746
-0.11919593859031233
-0.11211305148157073
-0.11054135016485077
-0.11248681338772946
-0.11739219801699956
-0.11362723411525971
-0.11730435775979534
-0.12066266157109998
-0.11535306136858478
-0.11201720090437099
-0.11651414411589174
-0.11505491328115784
-0.11065125277756144
-0.11130627868188833
-0.10816619420609548
-0.10892761293762902
-0.10103756039596355
-0.0831104363334934
-0.08184869287333085
-0.09111791883831238
-0.09124631439957653
-0.08284794031919006
-0.0708333396136458
-0.06782746018077727
-0.06802804570086882
-0.06130761775391063
-0.05769219528254986
-0.057683500853489035
-0.041747188273121405
-0.03745305420230038
-0.038618669245528835
-0.03205770721734205
-0.03140588113523249
-0.022239103571484266
-0.016626497891172945
-0.01614963102504997
-0.007927192638734785
-0.002701847448408957
-9.0273962973285E-4
0.002240123533177429
0.004551014624079786
0.016338638246049003
0.01849754038762188
0.019107365344766924
0.031662298225221396
0.033262359418495625
0.039497605083608264
0.0446588960905321
0.05056903406193135
0.056037646484336026
0.04386236931006739
0.052783986585753596
0.07102592302348257
0.07381747070878904
0.0742304152954915
0.07828904339835563
0.08244980163200986
0.07736095006615967
0.07732247529159812
0.08233200660774113
0.08504394223041917
0.09238397589471266
0.09846030743535578
0.10655624674764701
0.11130049712535073
0.10631271727765565
0.10656790084599309
0.10545076246729776
0.10547928831471495
0.1056533330135105
0.1055029355942138
0.111493562027075
0.11383957566682888
0.11370574556291087
0.10745024379196207
0.1063727234716019
0.10575076061474396
0.10227016744253603
0.1080658070091405
0.10780839288357763
0.10600578545082849
0.10181679207128563
0.08716290853915075
0.0850293254325067
0.0878719355484321
0.08323895365250214
0.07528522917894545
0.07178912419723676
0.07106022614484517
0.0663346416189488
0.06463701952729287
0.06538463337934163
0.06005280018023191
0.04796478099696958
0.05035503362065553
0.04545827291940192
0.03543153650805215
0.03437769980155456
0.03286996117089632
0.025315774658289346
0.016233223095844546
0.014808612406549314
0.008460748331599904
0.00194587006028947
-7.619232874103364E-4
-0.0035606737099661834
-0.006942986506806996
-0.012439489848257048
-0.023142786860927123
-0.029784185725505875
-0.026727392377807788
-0.032150296765575716
-0.037212849579522235
-0.04149376255850135
-0.049435566397280625
-0.050303029455794755
-0.05989446837089235
-0.06494934054190851
-0.05940918336777965
-0.0603492201284394
-0.06472437037223532
-0.06533496313917334
-0.06929989733108251
-0.07442920934457073
-0.08021618653193793
-0.0862475961127639
-0.08909367058000633
-0.09205966938123217
-0.0929850971212287
-0.10109016514364992
-0.10767471357934966
-0.10027807178586415
-0.0953654223599067
-0.10168246406721465
-0.09819965844423308
-0.09507467726222181
-0.10771698577858738
-0.10279972459726484
-0.0976592962651691
-0.10522967406068957
-0.09427126113710171
-0.0925690660821194
-0.10537009497420928
-0.10025258060200944
-0.08524637600040844
-0.08861539883970582
-0.09570885407438291
-0.09103207852198049
-0.08852679516446475
-0.08178148010746092
-0.07567388080381673
-0.07512118229419734
-0.06862576996613357
-0.062307127962438154
-0.06126894458336004
-0.06304409561975138
-0.06260116752324252
-0.05692970470080328
-0.04788801518332346
-0.04482119803445613
-0.040992182942864726
-0.03462677586087341
-0.02765322890795784
-0.02215519951112621
-0.02386556964727471
-0.019308003935246308
-0.009278554667216271
-8.332994240603861E-5
0.0028796430683360377
0.004111554734330575
0.0028129152090617874
0.005806480825952384
0.018358339343638518
0.029371207929278085
0.025531320426259864
0.026974076896570047
0.032270105075074024
0.037173255107668
0.04149379194925893
0.04457385473335599
0.052363008768692425
0.05636446077139316
0.06391936775826458
0.07130731946987084
0.06559327531207304
0.05718456443748995
0.06770184773490384
0.07464500673518672
0.07536315927107491
0.08094734407444727
0.08462161653278132
0.08376821660253873
0.08415010699911224
0.09002098329673859
0.08670710158810727
0.08750627910506482
0.09619899214975094
0.09090691627181227
0.08564321093422986
0.087507898497461
0.09430113417671003
0.10150632904272228
0.095488608950096
0.08874630585274869
0.09199645270208978
0.09103329300574112
0.08116876008668159
0.07854350826593481
0.08626272545149724
0.09118191722974527
0.08779789027575471
0.07901943937898626
0.07290663068329753
0.06931077892183268
0.06696559398091191
0.06790256100248833
0.06617634975773318
0.06057972425926643
0.051047578880736494
0.043308890401848814
0.04814275662013514
0.0469493569886643
0.040496821098462546
0.03568851386802102
0.03288258108848037
0.029624734320728433
0.02431156095705688
0.026215335973013155
0.02109103326879903
0.009150759236762113
0.006676780132221131
0.0026970249827145717
-8.52073023765442E-4
-0.0011025526224712984
-0.004339675895616931
-0.005488129709814115
-0.006861206840462707
-0.007643943950089342
-0.010380868106066317
-0.025542690186641587
-0.027743890085844942
-0.022759679172228556
-0.031574367044057146
-0.030187745142018774
-0.03673758917584022
-0.04266459210660407
-0.041373890038465
-0.04320949853954483
-0.04293088514399729
-0.0516112605194264
-0.05917624216204116
-0.06004440472237863
-0.06206407386825819
-0.06545646038860939
-0.07029237721366116
-0.07719108805449613
-0.08234311905111268
-0.08020798857169399
-0.08140135658516892
-0.0840850543817707
-0.08621279767705856
-0.08314614313506054
-0.08049780135844968
-0.08100085865116427
-0.07803805996585317
-0.07828960594736728
-0.08286666505158967
-0.087477172987708
-0.08599214537130935
-0.08611502223347227
-0.08796741427259268
-0.08488757188286833
-0.07887496926291258
-0.073242803366291
-0.07260211292115523
-0.07473841627610905
-0.07494891879891916
-0.07373088135254303
-0.07371100449265527
-0.07280319815955597
-0.0722945040268924
-0.06894630572547945
-0.05591878695570153
-0.049380467673538125
-0.04920241004834483
-0.041923274393020384
-0.043715256270204256
-0.04187488628950579
-0.04108466524131861
-0.03792844905755394
-0.035228982330680454
-0.03365439920950433
-0.019342001703973415
-0.01833457332938711
-0.021088999689624268
-0.012829931620149655
-0.00479214818515086
-8.00052362064266E-4
0.0030995077146543635
0.002657584005327803
0.002379207181937562
0.01216480671294689
0.0212668208772293
0.02474578602582885
0.02301135976999018
0.025506098843498404
0.03061087497917013
0.0312803854096003
0.03832567270415093
0.03844204707075357
0.039593341350513026
0.05038996187483177
0.050553314848119146
0.04681043166567148
0.05365264013259057
0.057511506789341194
0.05862321223064437
0.06175062910776958
0.07000951722423615
0.07508506749898718
0.07498169344400858
0.07741961746883123
0.07732451542179804
0.07671115609467938
0.07242976241894858
0.07666583916421647
0.07887307478643983
0.07700128865274354
0.07665408168009644
0.0745699495661248
0.07773829733115224
0.07770063201093479
0.07698545371982196
0.07524970480031885
0.07355101928625897
0.07410036849650382
0.07326866882335234
0.07092383656341987
0.07003235287115757
0.07455711283615629
0.07580622028956863
0.07216108307495671
0.06618233271756033
0.06057920084710902
0.06008550209153194
0.056551500783655256
0.04930115597189166
0.04567024822591754
0.04042176721752096
0.034573137084281946
0.035607788764503476
0.034869188177501065
0.026492917525444394
0.0197223563811325
0.025935298061183852
0.020180284647463482
0.005514082477927499
0.010064777450150664
0.015148886248883253
0.006268441069401221
1.0686353657091331E-4
-2.3103932589251216E-4
-0.004455038164079229
-0.010752490327892305
-0.013035052136178015
-0.013781327616197846
-0.020273283986142913
-0.02578888078427208
-0.022163760943804928
-0.026573431261023003
-0.033656827984488914
-0.03547212557837381
-0.03765821064391423
-0.040786913765903786
-0.04199038344282366
-0.04912418263742853
-0.05451990693467898
-0.054651643739139895
-0.056327524618299325
-0.06168677193956543
-0.07129871370045926
-0.07076665900291935
-0.06711094255419812
-0.06939962002395098
-0.0663169691201979
-0.06215867876506859
-0.06979679691326528
-0.07239054420750332
-0.07263091560918886
-0.07704405593081201
-0.07850665599847802
-0.07726475159759838
-0.07633459269241936
-0.07352845763205856
-0.07372653475193305
-0.07382180812456283
-0.06963105669823556
-0.06595751036343178
-0.05601543805405081
-0.059940030035812324
-0.06638717624474476
-0.05806033674350151
-0.056377664951811776
-0.0593212531320236
-0.05751771288576751
-0.04928231768041221
-0.04998090144029952
-0.05349748200652573
-0.04537225472965144
-0.04722095341325724
-0.040651821148511985
-0.03572121892178089
-0.03480765681204421
-0.02972382216366303
-0.029267341862615252
-0.022455636769697102
-0.02127941272416128
-0.017501161016254447
-0.011123807205080175
-0.001020708482808149
0.003946178358045069
0.002515860033267871
0.005134832186590814
0.004326168643161952
0.012560334429898018
0.021887114218161245
0.021863282747446755
0.022943018071488616
0.027198324058749335
0.028233633008756077
0.032249333564112685
0.035464307228442224
0.04018872397593166
0.04192971079229467
0.04339888518067078
0.04878564162122991
0.04946507030271484
0.05228559644287645
0.04999746773550855
0.05160465871596713
0.05640400793535198
0.0558988047548669
0.05404196815895
0.059720516930070175
0.06219219798255377
0.05681521589794691
0.056708716073008064
0.054656137852283154
0.05950007350248005
0.06920697639205745
0.06812948328549012
0.06426759433950317
0.061267915564726785
0.06431891056084582
0.06943217622637453
0.06783060302127958
0.06007124134642297
0.055170620111379555
0.057192158918505966
0.05347251812351195
0.05157742905377254
0.05497149785299029
0.052963488740900594
0.05487788264039693
0.05678859007840371
0.053338821664173836
0.050326646961928304
0.04304942277434176
0.03872099696080477
0.03548040598090741
0.03378823270523383
0.030601264372537736
0.028386304241738096
0.027570628740900303
0.01829047038675106
0.015418968950931236
0.0108234723521202
0.007824834216716649
0.002676851530834897
-0.0042229313137690785
-0.004667476483079467
-0.006521466346005462
-0.011922297779740682
-0.01715670743477529
-0.018430512710816867
-0.027071372043245574
-0.028708047722939806
-0.029019500715743725
-0.03632547054999281
-0.036855665013987286
-0.03747354277774249
-0.03977602461608804
-0.040288461000642505
-0.05130662398183756
-0.053858691282711674
-0.04768433631718887
-0.05106713841300726
-0.04904941283558244
-0.04679645031626107
-0.05116608085881039
-0.054474657750402423
-0.05057387229643998
-0.05085235738071362
-0.0574283583576784
-0.05405410262997253
-0.05082107947060868
-0.05991810754685031
-0.06570345431863533
-0.060582594211159684
-0.0522287967911857
-0.05068520701185342
-0.06056805141448181
-0.0625190792237125
-0.045875051531554314
-0.048317622548172554
-0.05636061957910005
-0.04514315556170257
-0.047431860035142354
-0.05082577945097438
-0.043335883966113736
-0.03978154234829848
-0.038324186980856156
-0.0374955320771448
-0.03596857141556228
-0.033743576471704055
-0.03592221100504835
-0.03029876167524589
-0.02485882631812618
-0.026685284720146814
-0.025604142230777085
-0.02489842058487087
-0.02132973799237403
-0.015214323397214066
-0.01239707800135672
-0.019313346212204888
-0.019243846435342733
-0.011457704889836003
-0.007008094636341001
0.001011186521336874
0.003505832585551219
0.002010438894464131
0.0032274770622107017
0.0029504865106234697
0.004220011358725634
0.011306108880779321
0.018861443577275185
0.022151202421987315
0.01725570772439181
0.015515940871935589
0.022077638134902926
0.02461255078355501
0.022950762430715976
0.02341169048932738
0.028318764313365247
0.029272161755942248
0.03033957454155465
0.031424487185980586
0.03170134596858322
0.033292327474158244
0.03598245296547067
0.03738265786366744
0.03757893027394847
0.038872444995527465
0.039999117674348224
0.0405541826353409
0.046747703916410824
0.04679560492048973
0.04750342596613414
0.0498226570348931
0.04552809702780187
0.05233877752589152
0.05531695869866258
0.05039274292803228
0.04899896449992595
0.05496671419452216
0.052580612622706295
0.0503171223524559
0.0548954890356152
0.04641623562498976
0.04214790097722631
0.0454613569010871
0.039080688157939365
0.04492659127102095
0.04868163959134559
0.04122284060463049
0.040080183299393536
0.037489100101501395
0.03566598717146115
0.038289566489132836
0.03738254032865685
0.034810074269333906
0.033131032663476744
0.03701180627428671
0.030296034409106852
0.021422145147666577
0.02746433128519455
0.021758368500229407
0.010490171003913548
0.008083822611311695
0.012424157618520292
0.010987070239992161
0.003076354680068899
0.0015503143751006995
5.917701131768061E-4
-0.004222105108366314
-0.004976003418344038
-0.006417315657630739
-0.007297511499841747
-0.01406114123864345
-0.016020745623606066
-0.01651066293748624
-0.026424037081566387
-0.02202534667667406
-0.02217178428190766
-0.03445899346217252
-0.033719456263991934
-0.03238209833686389
-0.03733487023937892
-0.03935086456774624
-0.0383582013393724
-0.03861795282391364
-0.038161656057362985
-0.037395883788157225
-0.03847937748778455
-0.03997392519191985
-0.040065252907757865
-0.04011301477340296
-0.03544125598225598
-0.03836380957296542
-0.04069813409165888
-0.0408566685567864
-0.04992038774089647
-0.0448331696681628
-0.0454850514998851
-0.046352623302066256
-0.04164931744333411
-0.046972753643352835
-0.04376144239098799
-0.045216185433138406
-0.04389337402616736
-0.03712275607336808
-0.035740508885384055
-0.03823825177847571
-0.03515059271115308
-0.0339749172565015
-0.030368008357008664
-0.02360219154240271
-0.029009392775107636
-0.023201671550320168
-0.018494901078977954
-0.02192997885768684
-0.021672190686119273
-0.014534441293290387
-0.014293653271561641
-0.014621220709261386
-0.013787776365445247
-0.015143692573148222
-0.007771032872151056
-0.004466026479327064
-0.0030701881785957655
-0.002079883776302233
-5.048899135353082E-4
0.003314912588886285
0.0023235717717715113
0.001413338278288333
0.0012436277908685247
0.002956930911329104
0.0039801875876878876
0.0033468456944695797
7.265652421063449E-4
0.008866213208997584
0.015443358516308502
0.01837286391012268
0.018298992758177948
0.010982463201483335
0.01673338560213208
0.02248071427551972
0.0207551536605654
0.023330312679147362
0.025368344513385616
0.025743320695368936
0.026313080536184464
0.031085936637841757
0.03728057414946338
0.028649232399630912
0.036804789103574875
0.0356620700511269
0.02911651327879701
0.03516585125420048
0.03995814774422461
0.03873681795211098
0.03967841705068594
0.040169073516816055
0.041467737797977945
0.04301832508996773
0.03992307909809021
0.04526259053445814
0.04073094474573377
0.0388392056559149
0.03586540832841963
0.0347102540061871
0.0360308193101077
0.0285513109519685
0.027364109347789205
0.028067886150711156
0.03156356001796392
0.03362286994251974
0.03039349230714297
0.029505547220108584
0.02173292457241114
0.021404812177069653
0.023150491407714358
0.019319434080605147
0.017029688719893386
0.02154310200035156
0.021052897410639274
0.013835728462877613
0.01369450873923091
0.013074172287618131
0.007151165053960123
0.01087547882397195
0.013437584824894317
0.006030335471802728
0.0018725210327466865
0.0011461426905614404
6.445182304400132E-4
-8.319488327297155E-4
-6.52669317467301E-4
-0.003227105541807529
-0.00869406229836334
-0.011520639527849333
-0.013732533378878758
-0.01369615137181123
-0.016837339938926412
-0.018162334589957935
-0.01941352556939362
-0.023375520034156057
-0.017753831907252635
-0.02094418921571296
-0.027727824817580467
-0.024192988474083223
-0.021584268971272438
-0.021454236545281676
-0.02410559143390254
-0.02417433412661843
-0.031136191915020574
-0.031234100893844555
-0.022450753347170123
-0.030351695559917385
-0.02599466493621516
-0.021755180938145536
-0.03130555696284861
-0.029445960596002185
-0.03655118134310166
-0.03123328293005024
-0.03400072265586832
-0.037369667729481824
-0.030844488786894934
-0.03312739261631954
-0.033861789837312625
-0.036156255351231265
-0.03419654926394178
-0.03565886846510105
-0.033741080131540716
-0.037576099552787644
-0.02759027592523414
-0.022865912869041834
-0.02962644455102498
-0.019454749225924627
-0.023363016846170676
-0.030287690540056065
-0.017024989096575762
-0.010286104874808471
-0.016256817634442793
-0.015257552981830097
-0.00972957494970236
-0.00653843419724729
-0.006885674393244554
-0.007324421337782802
-0.004123815922780847
-0.0023914787961812865
-4.655804187900748E-4
7.586833132033609E-4
0.0021147336865000622
0.0013328892414345244
0.0019022258913636919
0.010485477980491107
0.017165797771954542
0.017644619756195693
0.016481000845671723
0.011861537884580057
0.012766916284051886
0.02784298172453709
0.027448211990911707
0.01784366662352109
0.025821474937064312
0.02984874266516121
0.02624131009516188
0.031397758960618624
0.032129368907616765
0.0318562876229222
0.036742612931361704
0.02880839689246187
0.03439394348802275
0.03238355454954397
0.026965573669641738
0.032823030225024745
0.030708686283622562
0.03591704815305912
0.030170024330495853
0.025768108860979685
0.03088438283501022
0.020651717023947518
0.01824770038255912
0.02785873122198168
0.022100741391073202
0.011065894834880517
0.016192631872879913
0.020666234406641438
0.016384162653917428
0.014085411673146532
0.00980772649296301
0.0086588614794208
0.016840319296084892
0.02050176272227425
0.014698488255002754
0.009240531878062902
0.007547530179066912
0.011994519976022624
0.012364687519158127
0.006199179522883369
0.005569277983104518
0.005724848902303632
1.1000706447074177E-6
0.0013625888529227492
4.46462014209755E-5
-0.0042714599150898095
-0.0017328478355737719
-9.030975783592047E-4
-0.0016673133439950648
-0.0013184988805515997
-4.937567956328641E-4
-0.002183028016293484
-0.00391697994220602
-0.0029601458333931977
-0.003937479970796578
-0.005631914474871542
-0.00952975255419057
-0.008961297172502202
-0.010631033088437951
-0.01318068557149363
-0.008995262511984414
-0.007351038438326153
-0.007636276950558811
-0.014400544627082948
-0.01337340408326887
-0.015124778529297537
-0.016459315409832226
-0.008163594595305242
-0.008890337417067929
-0.015303164048553862
-0.017452166124169194
-0.00803249076478508
-0.005569087386615654
-0.012935098284131382
-0.019537829333754253
-0.021081657008019977
-0.016955108031580124
-0.016355428692364442
-0.0244114620684653
-0.02454295833026326
-0.015615194882084486
-0.02767690465126883
-0.031082752822247265
-0.02083885496381167
-0.028314043735353588
-0.03160840361142003
-0.02406380543046862
-0.027039845104854892
-0.028379918348079767
-0.022634946752264715
-0.025169964403305364
-0.023274305519235542
-0.02205950798272087
-0.028217421665734523
-0.020774098570621236
-0.0130947965910451
-0.015082218814128093
-0.014398001996195505
-0.014648787854711923
-0.011331204142166594
-0.00381262600178727
-0.0029658397230319113
-0.0013815903827693163
0.0015160962711023012
5.301071448140629E-4
0.001321054068211206
0.0012800115291245096
0.0016665464084587554
0.0025033331752143816
0.0032650055677764934
0.007833829873855062
0.014175082941941902
0.017391968145448564
0.0165346832547421
0.011909207564245005
0.016435100705067672
0.02677065634530043
0.02362316039869248
0.020036764285540506
0.022758376875764187
0.01893724689968543
0.020954207117880493
0.03256381257285433
0.023115158416434717
0.018821186086495995
0.02963152911605861
0.022778142292388948
0.015976460659778324
0.022022715406779497
0.02403115518457809
0.016026322300999585
0.008180069716373174
0.013836741111495637
0.01621535535637498
0.014005721054934344
0.013913239751604073
0.00808665748982906
0.003128110225365807
0.0018556723280853237
3.7293175954613563E-4
-4.391634324399752E-4
6.325320149834104E-6
-2.2604381246019308E-4
-4.2040378903783054E-4
-0.0015893530531899628
-0.0018514221773899883
-0.0020603690608711174
-0.0020042356649067387
-0.006818964083098207
-0.014741750672439036
-0.012440474442159056
-0.015653443970593494
-0.01609722121615312
-0.00745494912546262
-0.010874063542829732
-0.024264651323576934
-0.024983529398707113
-0.013340469488368067
-0.017845600487624
-0.02733412588817181
-0.021409103054477463
-0.016441340225580123
-0.025936082580426886
-0.02634333594684964
-0.013648714858431296
-0.01616847560940993
-0.01862348635879241
-0.018033032915325056
-0.017331552042639847
-0.009609995545234671
-0.014849108719228486
-0.018310063182890964
-0.010907867102613
-0.00629632964992808
-0.007955415383222286
-0.007862691210612362
-0.0026292578721316866
7.106105030158983E-5
1.249964417685444E-4
8.617106277003331E-5
3.857949394696251E-4
0.0016416877968833908
0.0018616292261767217
0.002932106331039128
0.004060601660246522
0.011652821770890248
0.01812058005844612
0.013533756024034485
0.013541895973983415
0.013911294220761133
0.015117955514963864
0.019374403649542623
0.018769968572395542
0.01162380671570601
0.01450732969046939
0.024300199071677193
0.021622918465814652
0.014513574054266237
0.014095476804191716
0.019328306654615598
0.02297302275962875
0.016494233989606286
0.006755092742124241
0.008571828669370313
0.013197341613326379
0.010710614405237602
0.006026017520013595
0.002674973412221715
0.0034890569727159
0.0046700885174977115
-0.0012282088828468145
-0.00433331013696937
-0.0026228955904227607
-0.0018734730835831598
-0.0028613846045435157
-0.0031530747597332477
-0.004429759276537207
-0.014420014541337628
-0.015198469808641032
-0.006413053924646437
-0.007157978354435866
-0.011606867219922974
-0.014688663320745667
-0.014906536953718522
-0.016738544275309124
-0.012213569164077133
-0.013858621195086313
-0.015781408280141414
-0.01887620326607993
-0.017438744338205785
-0.005814925362426969
-0.010279447965155829
-0.014678896359115035
-0.01599475408679504
-0.012016175851178361
-0.008274500121086326
-0.007792694285901455
-0.003160695758940901
-0.0010778213182399258
-0.0029396067656483216
-0.0021209015871656556
0.0011908438256828368
9.620744966355036E-4
4.517046773083172E-4
0.0010481073469784674
0.0015451083533413598
0.0026872443570806867
0.002522462706596831
0.005258293277942841
0.006789240883195474
0.002496317882535335
0.0071036350304378845
0.01406540899803538
0.013789212915947072
0.008724145618764055
0.0035218621717890207
0.007610255177228209
0.014513716059425632
0.018839466504820317
0.015465578672575636
0.00929893100675417
0.006929577089946688
0.010435540668617458
0.016521786428516323
0.01317043954705345
0.00852110731609048
0.0060476531164964445
0.006353920811925293
0.005046417635183886
0.0016782645237819705
0.0016818037524644889
2.0444104079324427E-4
-5.565529808580429E-4
-6.179003362236677E-4
-0.0015369774935275957
-8.717311319553747E-4
-1.5963170552108503E-4
-0.0044617402720629916
-0.00832370466838399
-0.01381619736491965
-0.011013506730196528
-0.012855987979865166
-0.012888294453440976
-0.0055461665171985764
-0.005099123616288105
-0.013444862389226332
-0.014264479691945404
-0.010108750257193695
-0.01078181555844923
-0.00808102072474586
-0.006672477798113424
-0.0054547981241655245
-0.0019955477912489295
-0.0027198002540190277
-0.0030597367466708865
3.9146282329088206E-4
-0.0026887117585166556
3.588448221190264E-4
0.00344549474587417
5.210131992973186E-4
-0.0010487337465026991
-9.323054284487951E-4
-8.341374326533886E-4
5.883900561345105E-4
0.0023050361370973594
0.001250237093491227
0.00120592838819673
9.159356909644457E-4
3.544701758329973E-4
1.9030182328459804E-5
-7.055695496469279E-4
-5.282010462204804E-4
1.7825764380851914E-4
1.2470449512450748E-4
4.120006983691439E-5
5.61738744558944E-5
4.878046460684977E-5
6.413720176043994E-5
1.1575774932265975E-5
-5.65866107392926E-5
1.2823337045775709E-4
2.0561709571355734E-4
7.469645664523666E-5
1.065806553383518E-5
-2.395478517414642E-4
-5.339867280426887E-5
5.2385734305502905E-5
-4.784009304623937E-5

