Bille
v_{y}

-0.043158883525650164
-0.006639828234715014
-0.029879227056221307
-0.043158883525653384
-0.06971819646451702
-0.09295759528602193
-0.09295759528601988
-0.15935587763317527
-0.2589533011539045
-0.3054320987969211
-0.3120719270316454
-0.3220316693837174
-0.3485909823225721
-0.40170960820029683
-0.4382286634912464
-0.4847074611342572
-0.48729038505749395
-0.5310841031633633
-0.6349746055767395
-0.6703849364220789
-0.6970735674991759
-0.7354451222341654
-0.756094203503096
-0.7669284163360092
-0.7850118817870723
-0.7970336984498961
-0.7718104389456565
-0.7663859246468193
-0.7908197566035313
-0.7699214937893237
-0.7097670113596571
-0.7115785734277776
-0.7110432666057104
-0.6437218961832918
-0.6034304426761838
-0.5661625657751347
-0.5259208024923978
-0.4847740912287298
-0.4166119756122988
-0.36944755366240806
-0.32475978487044904
-0.25918963237017856
-0.18892037801435782


0.057755075660243134
0.12663449621192346
0.18236419395941422
0.2372064911781608
0.28155510574933745
0.30845193244717467
0.3411873776728249
0.3720996177766736
0.37832984395924807
0.3958396638439762
0.4271246767515566
0.4467703341698912
0.45469849671080687
0.4559857678888908
0.4503541260107917
0.4446753597116732
0.43355856932909426
0.4096093967753707
0.37302282536751236
0.3456804471168122
0.31782440010556773
0.25921397935973217
0.20405781324569153
0.1549120705641885
0.1217872325537397
0.07487348704967038
0.011037027411885402
-0.036038616983212
-0.0902235423425851
-0.1334218178023424
-0.17025612644638644
-0.21132701753916736
-0.2618129349256413
-0.29692173509185693
-0.3345957027048431
-0.3571702341855561
-0.36210672859792226
-0.3776810059380463
-0.3789164840079022
-0.3768703178635779
-0.3909265699489309
-0.4061438673481505
-0.3931769890594965
-0.36140837642115214
-0.33795982188480495
-0.31572839586192974
-0.29859029089125316
-0.2645985605087539
-0.24911841202641444
-0.24087271442957933
-0.2035127010501104
-0.19294857018200295
-0.1860576331028546
-0.17123456976377033
-0.1489475952391228
-0.13044917038234893
-0.1156174521225918
-0.09466775487802247
-0.07276755264021292
-0.053392513539060764
-0.033909450425338446
-0.014045520871733832
0.02429617978746
0.05580565312768945
0.06138415263705893
0.08362250308869763
0.11099405016649395
0.1323612361678689
0.15413027462128248
0.168195396917562
0.1723495892153843
0.1930293083269593
0.21604807184472025
0.21435862808787887
0.21638642648669076
0.22006308868238988
0.2216587330925641
0.22622964710589338
0.227262208718918
0.2237837615378773
0.22162545350019894
0.20737333408963787
0.2037005011724132
0.19548241311961442
0.17706104827746252
0.1674545799552613
0.15330772500369608
0.14384501704746283
0.12211486188048774
0.10741536039933841
0.0926476073659699
0.062387629614257756
0.04261112251276714
0.03277192655615856
0.01428579282717538
-0.011818002280545047
-0.03317666591663406
-0.039530450828926575
-0.04797785602611089
-0.060409417730975565
-0.06718217697846196
-0.07717667078833097
-0.10516948493043102
-0.11170104037766439
-0.12103092352174157
-0.14771874892385212
-0.15004830787101975
-0.16226044751425947
-0.1879707870493416
-0.1898672094765118
-0.18659410923785893
-0.20704873191127224
-0.20263572826518508
-0.19551781523903755
-0.20984712611888456
-0.21529858227440765
-0.19131644105894477
-0.19309253793811873
-0.2180294002007209
-0.19038774442636475
-0.15949332692722665
-0.1634406702838911
-0.17872458268006514
-0.1667301748522064
-0.1333781489935468
-0.12005291919574143
-0.11321991806945429
-0.09504148721303313
-0.07333072188175119
-0.05416901294303479
-0.03688166402792884
-0.023338281019281516
-0.007971139773405455
0.014972218796784804
0.0427982718560339
0.05977129237699805
0.057909645954230385
0.07365317231773717
0.104374859154882
0.11755553453395899
0.11249049371804143
0.1161766471249787
0.13792728799529905
0.14491181016380775
0.13119718393495744
0.12124380175416226
0.13202218053777737
0.14172460268767909
0.13122593022735057
0.12874596328512897
0.1206284644452356
0.10706716898648948
0.10329346264576621
0.10167205775941525
0.09335283960991367
0.07886831467171927
0.07334254569891287
0.057248939007635564
0.04051904464402025
0.03226969832295863
0.0200504116468629
0.005448972270950671
-0.0035557218558388537
-0.017260669962609117
-0.03355920274261585
-0.03752385030393377
-0.04130914118187022
-0.05244704821585361
-0.05628187340931393
-0.06293364061043243
-0.08495217619022166
-0.09123582512482283
-0.08466937525823799
-0.08663664553663299
-0.09458006346189851
-0.10291367488658967
-0.1122149477083157
-0.11314732318792792
-0.10998495487305429
-0.11371450516944732
-0.11390482160205812
-0.11393215882810802
-0.12532604497455588
-0.1270344575226972
-0.11912576945773662
-0.11421723884291148
-0.09421887357162415
-0.09369413574444174
-0.10293660926645955
-0.08506030310070124
-0.06064456800972019
-0.04644008055682365
-0.042131121148242946
-0.03672878848855051
-0.016280807885896875
0.013687539103249565
0.025550113632824376
0.02509072761133162
0.0315762604625924
0.05317968567685631
0.07446676795663265
0.08580446966511612
0.10323937707787062
0.1070557570111241
0.1214715053936705
0.14399182312991407
0.13788339810881076
0.13779916338138812
0.14718109562523304
0.14581630837162368
0.14468027732348435
0.1494614615570969
0.15503149482482953
0.15272087356673633
0.14580564285195588
0.14138624457497131
0.1326973252837475
0.13400685971537657
0.13198183448850298
0.11312521280663561
0.1021388896452073
0.09930895064256227
0.0883287529742947
0.0754480805251845
0.06732299503015551
0.04961739909364339
0.0375035719706504
0.025680983338185703
0.012914996635792774
0.014220303295655502
0.008613475618187049
-0.002561003792032587
-0.012003007024332489
-0.028265398973351577
-0.04141951278497712
-0.053370895138421005
-0.07158830399044395
-0.08049221784864607
-0.08155513422135031
-0.09492310306300888
-0.11009409968535064
-0.11770953275266405
-0.1292457514943428
-0.1420868915898185
-0.13835057680528262
-0.1346030381237017
-0.14320542145027276
-0.14651504544855876
-0.1501520672763305
-0.15263050878386641
-0.14995440672327387
-0.14194767058613808
-0.13631054810990775
-0.14161444952067073
-0.13192558722062037
-0.11419990075779687
-0.11388409889326062
-0.11298039755314078
-0.10296422463826574
-0.09186407779140371
-0.08077345511654395
-0.0666036675107979
-0.04755541302987548
-0.032324198452574976
-0.02723328954879934
-0.012760056818689313
0.003181432637965818
0.010598138719940909
0.02289398634770698
0.03899209343014806
0.047875934830779676
0.05971557222256091
0.07237359330096879
0.07663284196736438
0.08381740539148115
0.09094264670763405
0.08776961704112922
0.0953462829453107
0.11054814411139162
0.11268241643660253
0.09513988597514328
0.08988388318466638
0.10023882189192934
0.08517408142450424
0.07875776397790867
0.07798501584239138
0.07246709970081147
0.06719328295092955
0.057399574733207955
0.05759946698527686
0.05130922525123492
0.03804236256840252
0.03266360992533303
0.02081689770321845
0.005125359176162669
6.73913713798007E-4
6.51262283877356E-4
-0.004615748090060111
-0.010785405852009562
-0.015594778427607694
-0.027490639387997423
-0.04294246224506355
-0.05603804046910673
-0.05623893372035316
-0.05862009391970973
-0.06942564426156886
-0.07283286593855416
-0.07743695147013482
-0.07950694688855514
-0.07796863317253697
-0.07770198502050234
-0.08916049470867005
-0.10741502014393459
-0.09966781943403025
-0.0909861572040165
-0.09282903306233305
-0.09593962326984004
-0.09079024177763345
-0.07583381307272477
-0.075017819991053
-0.07466350681200827
-0.07022863407697416
-0.04511949666655672
-0.03625665053994954
-0.04393665043328172
-0.027433370179355623
-2.652218202442047E-4
0.015125760686093602
0.01269980612557294
0.01103124925889393
0.033050543077700924
0.06379682300313132
0.07348127580756136
0.0671211371039266
0.06733906760278169
0.08817068261573899
0.10762578459966282
0.11339261231504569
0.09944326467345325
0.10844637145301139
0.1384376808996367
0.12544261331772175
0.11448164356269397
0.12069844965354402
0.13083736781781427
0.13271087552771987
0.12006099504740818
0.11350508915512621
0.12192530596257593
0.11351261207265217
0.08947835652562393
0.09611833521388688
0.0931021449949947
0.07763376335011979
0.07244672227770103
0.06976381315891717
0.054891976773294895
0.0430601668409993
0.034486229215430916
0.01499087836174008
0.0021082731205267283
-1.3367985458449534E-4
-0.0017366989000761827
-0.015125003931803197
-0.03389253239542674
-0.03920614399831156
-0.04526455726657654
-0.061772053553799645
-0.07413048189107191
-0.08148203538243022
-0.08038600443996766
-0.08502024534044517
-0.10280890368419424
-0.0954897621194794
-0.09298456431166158
-0.11563654492881205
-0.1324688861973052
-0.12956501703649387
-0.1136052210819769
-0.10735792426075684
-0.1128529916524414
-0.12890506006560204
-0.12913297819235203
-0.12115280717021802
-0.10205169739035568
-0.08462537940968211
-0.10337062022469728
-0.10398225046644642
-0.10788425676915957
-0.10708430044887057
-0.06424160327886178
-0.038217785800694015
-0.023858427402095428
-0.02885703176822381
-0.03426137133225165
-0.01476448966252775
-0.012460382810986293
-0.010991289273804241
0.02186754493010968
0.05226894777891079
0.05138948065478029
0.03785501188805146
0.019790270262852083
0.02677179308346475
0.0654774745896564
0.09106272671091355
0.08822239665663857
0.07626405692426434
0.06871589738298094
0.06830668613438563
0.0726381909860138
0.08005695302620613
0.09105081554660373
0.09448064731027046
0.08526765671003737
0.06276448944160541
0.03584105144312366
0.0424063381723917
0.06762732253983898
0.06388009359277363
0.04446965807279196
0.032174236640261665
0.018219401199617
-4.308617545632986E-4
-0.0035525560761214313
0.01810792535652273
0.032925224984555905
0.013322688005814874
-0.01375003651607607
-0.03308410319555267
-0.047817320032234656
-0.04066037975802708
-0.024682240912959074
-0.02895807024451708
-0.0449831008905213
-0.05316261632051462
-0.06462686721193557
-0.0799261403861527
-0.08143984158194505
-0.06043587262007889
-0.05614550688720034
-0.08584647623628248
-0.09455529093302882
-0.09361782190328607
-0.07965336905477619
-0.06042393326536808
-0.05725841015538465
-0.07138879687889617
-0.08565006350186026
-0.07504484964488303
-0.047177222397859715
-0.024508936131973295
-0.02659542319782483
-0.020332089867264647
-0.022301347129964448
-0.022521218273952048
3.7800256935273185E-5
0.011816521437330993
0.021725605691649493
0.03509341172829542
0.05147660736199493
0.05436278619837048
0.04008289872246155
0.05085605835561657
0.07411802166506472
0.08816125483369135
0.11028179175555272
0.10498786015748603
0.08643157073153665
0.0917878714587514
0.10210924858560672
0.09839515325472692
0.11404104376111436
0.12295536052892928
0.11329133056600961
0.10038104062857177
0.08850649583029098
0.09346876004835622
0.0963542504132362
0.09955230777165336
0.10077233284479292
0.08602028137760849
0.06286859155898483
0.05842196002965388
0.05468841087163172
0.04095185533118865
0.04165556143630869
0.05024754540366754
0.03812046665782115
0.01859792117179842
0.004402993349458768
-0.010104027844016887
-0.015608894249137466
-0.009277354373906626
-0.01894414534571545
-0.029976698687214594
-0.0404614212576053
-0.056649451813552354
-0.06064627272910747
-0.0616778080239743
-0.06531439877335272
-0.06926051203365677
-0.07983670584130242
-0.09987256786812294
-0.10821557939676898
-0.11143362117470038
-0.1004751659757465
-0.0875860218202132
-0.1060680842390013
-0.10490786553178666
-0.10240096830446399
-0.10850071689130363
-0.10984655225979205
-0.10799642883118975
-0.09307875439721067
-0.08237134024214524
-0.08578508923211821
-0.09092761369703077
-0.08169118758660415
-0.07385585849954719
-0.0596236443053985
-0.04214609353217377
-0.036933730226827624
-0.0373035079364133
-0.03380145208998453
-0.014675483600523414
-0.002223544973673376
-0.0022008924562387107
0.005553981319700071
0.01909954014186495
0.03283937160726906
0.03508467016472922
0.038419591840947315
0.043242476954617
0.051564534619619254
0.06591563892718103
0.07419943436977183
0.06491645901737308
0.05503989700420899
0.06672817872715951
0.07928066818473904
0.08016028240628836
0.06340523229537812
0.05728202213003178
0.0684904320908076
0.06524956973238934
0.05321221810826617
0.05097380750410881
0.04763910069613558
0.03511137204465227
0.025105980823123375
0.021089617266722142
0.02203142222390652
0.016814492607413127
0.006802242348111834
0.0014848889335256185
-0.0029304499700851037
-0.009777204210258038
-0.01719251926804166
-0.007283386351983421
-8.332090595791342E-4
-0.019058241061377306
-0.03844357907422046
-0.043746012110018
-0.05519743151729877
-0.06071888244571264
-0.03949445225357575
-0.04322712232455671
-0.07206307748770321
-0.08190393580587177
-0.09260678750928864
-0.09593414575359001
-0.06112584667086956
-0.03156047062680498
-0.03772602949929502
-0.07347862411768721
-0.09597226650409055
-0.07723860415361722
-0.034555561038860205
-0.009372798810042986
-0.017254537727791595
-0.029546576194589263
-0.03582616909329314
-0.0387007630018879
-0.03042252724503671
-0.0018664642049741876
0.023375744486229453
0.03367773836733534
0.023138782627685876
0.01261693193388047
0.017300405295481925
0.03194497248673858
0.05927752671126049
0.07859794127445499
0.07555616511628498
0.07111018949394303
0.07688245776334633
0.09052642996112238
0.0945596197334418
0.08855879518333563
0.10510533295902773
0.11301856370406393
0.09490095018013858
0.08209130341837093
0.0768685996603776
0.07841938971022362
0.10209084046752494
0.10346818230459366
0.08364771391874967
0.0748457640256169
0.06686518303980815
0.06522485270319346
0.06546728236058472
0.06241618191971495
0.05412666870516921
0.03801187620059739
0.01981431916027912
0.015406160016126557
0.014457930136853574
0.014213813299793269
0.013769121695190359
0.001782951533826968
-0.011149096889038848
-0.02616882920276104
-0.03761429976145828
-0.03422788034904949
-0.03503618888908023
-0.042375214673713815
-0.05038061515832694
-0.06670656235050869
-0.07959222418511547
-0.07866826012262224
-0.07732617881697049
-0.07822288306013553
-0.07572326930625871
-0.08409378805225509
-0.09164941609773662
-0.08449492768233145
-0.09401794448483976
-0.1047996081124617
-0.09417848683723484
-0.0822645470036797
-0.08708915196717791
-0.10635260447248238
-0.10002635155190427
-0.07881101423790308
-0.07461420374515618
-0.07182284325028312
-0.05497392768655178
-0.041013732680182796
-0.04632893727881769
-0.04867248820377238
-0.03714774393124357
-0.012095018008516699
0.0051227646323407745
-0.002981623731768773
-0.012259752945888734
-0.0093325247919415
0.007991342284045293
0.027688390367976216
0.04146936265123377
0.03990890279397712
0.03554313201543357
0.03844035069300494
0.04601912418633721
0.051678461809020845
0.054146754102095546
0.06735586918144869
0.07021440253915193
0.05425330301129093
0.03933225419364286
0.05501198701693335
0.07289020743507782
0.061098884925166706
0.0442531426039257
0.050980700245530294
0.052667089617507705
0.030632395922123985
0.02140976074395146
0.027036419142029335
0.02994647904033517
0.021794532625602367
0.013533279290623734
0.0012163488274710235
-0.008782849211921072
-0.00637156468750217
-0.002012958399862307
-0.009221957684131928
-0.02332489101398514
-0.025658304977472204
-0.025647141431648826
-0.03854595818841377
-0.05568992223649792
-0.05153213872323243
-0.04212450865305858
-0.04310345647236845
-0.058960869019174994
-0.07272705893178753
-0.06579169455006706
-0.05285677848445334
-0.0464357220775734
-0.057094507558125666
-0.07167334338399085
-0.06045535376942136
-0.042171660818006766
-0.037256483024147864
-0.036054953054598604
-0.032259221038059005
-0.03006979922746409
-0.024860668344331517
-0.0250115041026146
-0.018578402599030954
3.27755321361375E-4
0.011944304847880732
0.013744880679860119
0.009167863418770955
0.026184614980707385
0.046961711386253616
0.03362552373917155
0.018921228796333536
0.04933155352986304
0.08170561731745418
0.08117662365004012
0.07648492740607392
0.07583568371176863
0.07100043603135905
0.07015646577549457
0.08130505338578352
0.09527890085308241
0.09254091704742669
0.08044645160601611
0.07612527859230739
0.0707779973480654
0.06812941616726277
0.07971298190386397
0.08290909460042457
0.07304050606095056
0.06623253797569285
0.05968286738915305
0.045520992923345306
0.05271831537917062
0.07135988361085337
0.05023918132792068
0.025101638607247432
0.022956187491892474
0.015861721965711197
0.003605658948711498
-3.9112542049966095E-4
0.0010038002706258694
-0.002668665424019223
-0.03230652520845004
-0.03703527679598322
-0.038128682032265826
-0.05240354943215303
-0.04662132215426826
-0.0420955059876305
-0.04996749680303393
-0.06823044007812339
-0.06448191656221121
-0.0619694698156053
-0.07561659628771962
-0.07663440122613506
-0.0703057581873816
-0.07413953238954656
-0.07735189499546793
-0.08295993964703682
-0.09165949072873268
-0.09842930392571039
-0.0932325853201563
-0.07809763434763929
-0.07377062343436092
-0.07475297032930983
-0.0744437785789271
-0.0660771536626066
-0.05484624795770403
-0.04832972116192477
-0.03979721509008585
-0.03627979145202896
-0.03437487764699407
-0.021577402339871602
-0.009145469041961733
-0.00904407956636157
-0.014370135082464415
-0.008539974120430581
0.00250588981381351
0.010610760192025797
0.030362311028144757
0.04063713933996601
0.02508629456885193
0.02387012012481544
0.03791215889901147
0.03947714761044926
0.03501447298960204
0.05243688619706509
0.07665217694056278
0.0709468315615731
0.039121881780972624
0.03698296551280175
0.05330646341688957
0.047351259507188735
0.04967113788380054
0.04087775884468747
0.025133771204444637
0.026998424728858272
0.031647968756922495
0.025809548517105763
0.01680826931711619
0.02058063939113686
0.028940964656332297
0.014263112391040621
-0.012556645824865863
-0.015088995322525216
-0.00344360195786267
0.009327945353371756
0.012745235751865631
-0.007147873132703437
-0.03522461992647755
-0.051568639127875966
-0.05838462241739214
-0.06711418431722092
-0.05382939794780928
-0.022875123980306642
-0.03395930075230929
-0.06913055638848135
-0.0662274794387315
-0.03917895868895795
-0.031043143390246098
-0.038546297210469344
-0.04405280562336121
-0.0544992119804778
-0.04708824930126522
-0.0232570788508638
-0.01208281990959583
-0.019485918562881184
-0.039473509589570216
-0.04033400138582511
-0.024741061583607175
-0.005255960442669153
0.012847371470873198
0.011774744299373687
6.810501731035426E-4
0.0030007948731817363
0.030780507047169343
0.04699732090677305
0.031062636717451193
0.032119870672521464
0.05117743635514647
0.05436071429148974
0.05504076422000657
0.06714189695088071
0.07629342300201909
0.07494608123598324
0.07292006204191283
0.07638639623637754
0.07724846709001182
0.07422930406008557
0.07749392947603492
0.07394569596212856
0.05852578881800671
0.06236941229509881
0.07548830664534659
0.061652538288060506
0.05081491949898947
0.053314183543866
0.05193095508538869
0.051565479120323957
0.04391165790087776
0.03812301623200637
0.03615727486564886
0.03665124569576747
0.028838158430809523
0.018778321127238214
0.00588374710365284
-0.012893790766543433
-0.013353035140369753
-0.00786752784268332
-0.015177137572113438
-0.03150475586327209
-0.033933476612452954
-0.04186895809799392
-0.04870610046572297
-0.04648490509210853
-0.05345223001880773
-0.05982762616789641
-0.05317221442535931
-0.04961141225590744
-0.059581294973845414
-0.06813814500214997
-0.07215287243946777
-0.07457343971043678
-0.07844719975231053
-0.07687621684318999
-0.07378647696536858
-0.07211189884460203
-0.07345307380632884
-0.07566274955587082
-0.07122050668924393
-0.06271767533877987
-0.057612761784194055
-0.05518316884349265
-0.04354978332616935
-0.03509612545986999
-0.036013318196790475
-0.03473685564621606
-0.0215882030413275
-0.018185861591319418
-0.029181025300162377
-0.018273648942433836
-0.0027974273472426074
-0.0010728173962301277
-0.0012326740238771394
0.01218863951439315
0.03180659802017928
0.027209682931461004
0.01823623910410684
0.03218708361798775
0.03967558067401945
0.033646204578583125
0.039189556036946196
0.04141812283200582
0.03914166848396149
0.05237002530704983
0.05638540310281792
0.04354390495250198
0.03198678135401531
0.034029059939486156
0.039763565575779605
0.038466568620480916
0.027337683350120677
0.023685163180977638
0.03257306752219134
0.02692127986914961
0.017582640899451506
0.009760125191180372
0.003201241519615804
0.003976884838492881
-6.642623347306716E-4
-0.005855373817280437
-0.0035940722630282904
-0.0025177416665878517
-0.012644765596341947
-0.032328383194096685
-0.029946424749764985
-0.024138356908108807
-0.03220485257866251
-0.02942150097854765
-0.03626731242234759
-0.04027524132444771
-0.03663912669128559
-0.03823291722931706
-0.04440494679163199
-0.05567257227489522
-0.047638786314341215
-0.037829370123508205
-0.03633126411267528
-0.036048585610483894
-0.03870659592721141
-0.023815294702083083
-0.020157798383575353
-0.029514604607825685
-0.02182752113169907
-0.02133499716145841
-0.014209868525527794
-6.733537018256209E-5
0.001295115514628907
-4.7834146933863167E-4
0.005591388038198002
0.02401270514315047
0.03002689353064474
0.02911809925071078
0.030299714122101303
0.03714436585203713
0.04412442464435048
0.05270444354098925
0.054265068204356046
0.05091027018872395
0.058008644513414594
0.06419656569477152
0.06937791526901006
0.06317950562943522
0.06378766172149061
0.06877064298244533
0.056864878118959516
0.05700948449035731
0.07069513371281076
0.06756005780243539
0.06284042510219881
0.062073020463530984
0.05092016444303185
0.04199024793688422
0.03817741732062115
0.04308630456796571
0.03792948418339008
0.02910192520485069
0.029508684111411165
0.021027025300400317
0.020550030088780317
0.018440219009281233
0.008034429669411492
-5.831249814464681E-4
-0.004422459665570307
-0.0049810503445001965
-0.01604831117786362
-0.02964405545493036
-0.030671467884879976
-0.027870085334718145
-0.032161401308676625
-0.039548145656963914
-0.047575009928985584
-0.04195240597820896
-0.044022284350286635
-0.057722000574156974
-0.05841986063808481
-0.06087514205725153
-0.06723129400478299
-0.07060084295697884
-0.06455984502206676
-0.057589578333016166
-0.06332515692791528
-0.061586262606285004
-0.06031897739676835
-0.06804160423562641
-0.05713089766517487
-0.04259241286060069
-0.036937023136731056
-0.03691244864211944
-0.03606105568588024
-0.03490806280284588
-0.024510388646996128
-0.0148103459855619
-0.016837378689986308
-0.011783052315945244
-0.0068924161013924875
0.004450153268001861
0.006302113183048259
0.0014447662411601761
0.005927639257790029
0.020476914697821282
0.03354178357112512
0.019540156512712233
0.014739624922316605
0.03560644020382155
0.04021408057834701
0.03285807727690843
0.028167979461778923
0.026660967590049926
0.03760281550660951
0.05044311451000995
0.03634173989856495
0.02337282743248047
0.03214074367745334
0.026947729326856528
0.021546570775033722
0.02622525045535343
0.02152572116915513
0.016291158398139834
0.014933947253645956
0.008975407998256935
0.0047651154626828715
-6.421290181953634E-4
-0.0036571333448711897
-7.056755374521699E-4
-0.0043638442625873125
-0.008516516957515416
-0.009713795653677129
-0.017939455906328474
-0.025084252160503376
-0.028295662101801608
-0.02080575543085902
-0.013538213012903911
-0.024822845129508823
-0.030479640183580063
-0.03278552322952409
-0.03769404478650349
-0.03967300491421247
-0.03788089627398959
-0.03507231964574524
-0.032915564961255125
-0.02255624144961431
-0.033295599385714
-0.03522512173713181
-0.02065114523756239
-0.022904209268655037
-0.02331121083456472
-0.017619140265481517
-0.015040076819351756
-0.003013540928549758
0.010897399556006092
0.007608143368700923
0.0020649913454954616
0.003338093322547029
0.016129248880964304
0.026381570168605175
0.025194734696134546
0.024110573781383753
0.035615456785550385
0.04075168104532736
0.03845143516111431
0.04592809047709338
0.06254093390521252
0.06093941595241962
0.04848883909412772
0.05601775221824927
0.060581106587365915
0.05824421437041613
0.05328289044992359
0.0498842670340834
0.05508921119174203
0.04986134166037244
0.05460049676003386
0.05471437992747016
0.04169074051437059
0.045800632367671276
0.04879631313116901
0.03935936657714645
0.029243670473916766
0.024173818236401048
0.02337960544692558
0.017392220144174554
0.011018143686434018
0.004904547976010965
0.0038472211204397594
2.0781705071759896E-4
-0.004405735567512437
-0.004293806940744235
-0.004363105440323509
-0.005799006536904147
-0.013952683015120239
-0.02660083139764461
-0.025252800562558353
-0.02425085170366498
-0.03545239452673232
-0.04044219596808252
-0.03993831751628962
-0.05150187462253881
-0.05223777212776729
-0.043482023353709806
-0.0561023280618116
-0.06314375813981589
-0.051619457046656256
-0.050229224431733555
-0.060333456696078765
-0.06380488779149948
-0.056205672535345946
-0.04702343521714738
-0.05601829244296978
-0.06647232271740267
-0.05027632109425561
-0.042131818718522014
-0.038938414900706084
-0.037654377949805536
-0.042486969902654985
-0.03051463400617479
-0.022042188009159466
-0.020604319801898485
-0.020923578729279965
-0.018696865223747954
-0.010777502123881323
-0.003667175878608289
-0.0015620355995532849
-0.003094670642973207
-0.0015870796566079342
0.007629222498404532
0.019812151154754234
0.027801022100480438
0.01958840121465571
0.010422706322999903
0.0284766341425307
0.034064955826262976
0.02098718433208621
0.030392377587991366
0.03610690466051519
0.033118328102885605
0.03006574345556958
0.02956049136896177
0.034935737773123
0.032194345243109754
0.0206927296347055
0.02025840341304465
0.021319744846548312
0.011079172512179864
0.012009607137297179
0.012311715841001557
0.0033111905972774912
0.0037639016207015605
0.0032070005881598474
-0.0033027450805146416
-0.004621696771639118
-0.003684148854138028
-0.003645101825460535
-0.0034657830248248553
-0.012533549319902568
-0.016242994651852062
-0.019060242061776717
-0.020596744441241856
-0.019593576266341877
-0.033593399200948997
-0.035626813898642654
-0.027215787977790756
-0.028795206599487578
-0.029446911871023676
-0.02754315231772537
-0.024034702151103055
-0.022741581747722308
-0.03171774018822387
-0.025631354776703395
-0.016485675382057717
-0.021110945717178954
-0.02199244551666072
-0.016406513969024913
-0.016833361530610352
-0.011741453565137883
-6.064616581107362E-4
0.0010527610922099375
0.001481597427585637
3.7399086887990627E-4
0.006665585578027385
0.020090099793255226
0.02457418473597789
0.02017078575834855
0.021859223063012603
0.031534791017930434
0.035882701940235996
0.03668769850117549
0.03991573284744623
0.039591519923460675
0.03926941330756793
0.05422339745137883
0.05699291765794531
0.04561513567048848
0.04994725767148615
0.051164465048092085
0.04898151445451824
0.052890230601809085
0.04534564778895501
0.04035383333631467
0.04564227252874142
0.044131506029851796
0.04544935456693376
0.045464806154290174
0.039425522672101615
0.02716426952800604
0.023206573458591076
0.030715088890466334
0.02106980896218621
0.015724585582209648
0.016714904170051316
0.007013321581212586
-4.7174316398960743E-4
-0.0022427970289011557
-0.003089077723982669
-0.009765836567591056
-0.019236644928918696
-0.024916812331637818
-0.023682551388025115
-0.022606899629322046
-0.030438005300974735
-0.03197105824887218
-0.03758837770235024
-0.04621723664647016
-0.04763715854526216
-0.046052777378028494
-0.0427159308171921
-0.050264439413666505
-0.05080895654939038
-0.0466065284583559
-0.05438486000038204
-0.055149706963170585
-0.04578531644326642
-0.04477609372812037
-0.05446787092880794
-0.049188094845218286
-0.03842102469607029
-0.03764014159495144
-0.03772875906134098
-0.039776781602898624
-0.027212119747860402
-0.019773635901294426
-0.027541716421068042
-0.021029043114908042
-0.011703213068035179
-0.011108179946223611
-0.009715379530894307
-0.005064982617337894
-0.001410275835322105
-0.0012910651103396355
-6.462734142958784E-4
0.004792144468332462
0.015027129607262279
0.01930064681134222
0.020557837465778304
0.018261319412645277
0.015752542256797352
0.018299072709626902
0.023865662831315488
0.028383716075053328
0.028593536797187295
0.024591473928469325
0.020896183316325905
0.026023704656442645
0.02699622730843835
0.02198898054564998
0.019340588821054338
0.02513011952217215
0.022983564842613113
0.012371004104413075
0.012013295888772847
0.009247424230598555
0.002135877331477876
-9.735693703122746E-4
-7.406664306117179E-4
-6.909072241606363E-5
-0.0014647969297457307
-0.0038119186967242214
-0.00695683212810477
-0.014443589174515024
-0.026507431536477517
-0.021578376961989113
-0.015606033075045676
-0.027442535031507693
-0.028127639271754636
-0.024627346925041146
-0.022166675070099978
-0.02075894852766793
-0.021977612637630217
-0.020490493837803256
-0.025509479440187704
-0.019857577122834976
-0.01396365914936699
-0.01923058289316193
-0.022109643030779537
-0.01793809780612038
-0.017033624509644633
-0.01579843668482803
-0.0042506810297772025
1.1303556022626912E-4
2.9908297234473115E-4
0.0012779896739182792
2.9447084667974955E-4
0.00875127888946161
0.018632670613375677
0.02211205562376349
0.02041846745045298
0.02202479099463701
0.03049506547115861
0.03482541548634604
0.03048545771570036
0.028353203581940926
0.03373588827228541
0.03418288663097148
0.035702083144510004
0.05034800041589665
0.05394916086098262
0.04110369161087002
0.03894623207731266
0.04285527114084389
0.05072374051798843
0.047013706134808535
0.04038005290092086
0.03981813869226483
0.03650398062713027
0.0325048178130337
0.036000874886133384
0.03188890176792669
0.02376253102834313
0.029306007493490705
0.022280492749122627
0.017794532103137636
0.014753220942231329
0.005701180986129344
0.00453379521764957
1.6502852654737518E-4
-0.004786058029626944
-0.003417222717556968
-0.0030568138529939947
-0.014508571829245354
-0.02033211747942874
-0.019188225121422348
-0.027285379153872358
-0.03378636015735759
-0.0380332120807796
-0.02939985987407963
-0.02522044741716114
-0.03495531352357274
-0.03879882634709868
-0.037181213058041555
-0.03745411320804428
-0.041529618600851755
-0.05012463248113903
-0.04738151438313956
-0.04047927001733121
-0.04372579469727176
-0.04488372818152215
-0.040838705375886374
-0.03284799696857722
-0.032559180176409866
-0.034722103026952715
-0.03682994159151789
-0.035323899643652804
-0.020338252586075925
-0.01766812659851627
-0.02687192768163828
-0.021707035854547953
-0.011856144984102814
-0.005149997208435699
-0.0022128632601519658
-0.005369176689660504
-0.001911805758757879
0.005491974729414323
0.0013079783717625656
1.8621312489647024E-4
0.006528011606293387
0.011041547908127801
0.014334399783081328
0.016242933711977943
0.019267203391691894
0.014979068583915523
0.007940528540290535
0.017833329469593383
0.0281743904307548
0.018785818601095527
0.009724876939341418
0.017929809496676528
0.020109409794993316
0.014057348312913975
0.016691889244570445
0.019424283959348202
0.008830176262739013
0.0030561960292115956
0.006483883699487709
0.010721753631888702
0.005600844191468995
0.0010566978558153735
7.56962659174734E-4
-0.0010158817763255478
-0.003995822762566928
-0.008568962398436181
-0.014757729567161731
-0.02091358370289627
-0.019068440278912822
-0.010299546261677449
-0.014064177870799164
-0.019216779196059526
-0.020447519726352288
-0.01625740367884409
-0.015620496020239228
-0.024692441814934966
-0.02359295594201193
-0.011927375969847285
-0.005192649406805034
-0.017808164113078433
-0.026840541510393185
-0.01768640148056921
-0.008048410577944164
-0.012997179426857712
-0.014071809283442536
-0.0014210512452178593
7.03612961575287E-4
-0.0025282963241271272
-0.0013992388704351145
6.390058794117339E-4
0.01156415703331176
0.016143487278129313
0.010869365665730938
0.018090568661486818
0.029339075606037063
0.021989252442072012
0.020751787156253015
0.03144304049914841
0.03369290736296892
0.036971670545251946
0.034869306459700704
0.0285196062070058
0.030950861732072874
0.046308869673870545
0.049221584834075294
0.04014496007536458
0.03327199672293457
0.036602046886767964
0.04275060618766261
0.03910887167387007
0.03225615816035768
0.031604590108060986
0.033305055214077804
0.02674539221544035
0.025929176132180022
0.020149131658639928
0.01680849509467805
0.01850965553934372
0.015403190947386599
0.01587974330547691
0.012581645049948596
0.0035272206895792476
-0.0020259782270417256
-0.002666786580456505
-0.0019064142320164654
-0.0035235612011784404
-0.009638716734199321
-0.014699248949436404
-0.0172592730404786
-0.016288672446026574
-0.014228464097226643
-0.020942488661197706
-0.02673760023348486
-0.02733617814685712
-0.036186329903642483
-0.032782577288030024
-0.030123901668783766
-0.035856476008821685
-0.03736927297311915
-0.03689532383867286
-0.036470929261162965
-0.0368548152236207
-0.04068508121837139
-0.041035366359608624
-0.03337200786682149
-0.03201567414086548
-0.0326919084742581
-0.03329224098009791
-0.02990472834090002
-0.02844252090303922
-0.022101641428281103
-0.018169330945277472
-0.026186353432303175
-0.02371822996494892
-0.013065927891732288
-0.012570619921980785
-0.009062667777077265
-0.0017802418883181305
-0.002308291156383717
-8.167428318364415E-4
0.0018328935676079924
-1.61294852118941E-4
-1.708303579195407E-4
0.003974341570833448
0.006599539559077574
0.009637198431467644
0.015773082593327364
0.02282525576908671
0.01816705346268079
0.006199295116946755
0.005686236380035839
0.015054366239125747
0.02206367920278276
0.02083981249756733
0.014237278419115817
0.00936613806743328
0.012484603065412986
0.01164671507079502
0.014954027327438849
0.016794618741686206
0.005586472340884885
0.002166978001062981
0.00255658680451506
0.0016304774871350061
-8.847767079191843E-4
-0.0031791852551864455
-9.296813498936123E-4
-5.298175390090175E-4
-0.0013285763950638225
-0.002617198766810267
-0.0036630772060821373
-0.00836195654055026
-0.017773056407765112
-0.01826481285176228
-0.014040614455169643
-0.009411122268955371
-0.006884444243066588
-0.015712352156695836
-0.02357850539411697
-0.02077833930864802
-0.010796598393867202
-0.0037109821918688544
-0.012124414215461975
-0.020239060292786576
-0.017687297915831904
-0.012974815992712798
-0.008805556785001417
-0.014318955404069071
-0.011932641529183876
-4.798533563291797E-4
-0.001291611737549422
-0.0032503767304615334
-3.758275445559464E-4
0.0013615587143535248
0.00311264281453681
0.010351034577075778
0.014318250742600314
0.016732689668659557
0.021373444097253856
0.024888933174828144
0.01777092516529863
0.01712764812973123
0.03143472489189742
0.029477283690727937
0.023810284902986378
0.027656111992341723
0.03217986083568312
0.035767406992320804
0.031572364932877704
0.036458233581300695
0.03950408827572271
0.03772240938523844
0.03143563956988688
0.024259362098726915
0.034188761607775724
0.03422477089952274
0.02924208400451042
0.024187863512397142
0.022130860893401282
0.02412341915055119
0.02095402445485048
0.014411481563048164
0.01089779765754296
0.013351258879848317
0.010519448065291032
0.004653556376311782
0.0012004297079987046
-0.0017927591011875999
-0.001719969791555437
-0.0011791432353839728
-0.0023622985829918394
-0.005405591924644728
-0.006165643103886904
-0.006727274593044327
-0.017889537242659848
-0.024959116603874686
-0.018987197649057118
-0.016868940627152454
-0.026878370601988263
-0.027366181924224648
-0.02463808304707855
-0.03252947773215717
-0.03035810445768604
-0.03311505120194476
-0.031283090359327276
-0.03143550005626497
-0.03595343606485368
-0.030694732640573066
-0.031028374008488017
-0.029327955455612398
-0.031584477845092676
-0.028770617031053693
-0.022747493929013204
-0.029820831320282418
-0.024978127340835658
-0.012323038081709491
-0.015979938644433842
-0.026472881761985954
-0.01938144220669833
-0.0064880664962918295
-0.008587775905656387
-0.013536169621226064
-0.008053943942733578
-0.00211603848802319
-0.002832549577505599
-7.434639580898419E-4
0.0010015450198247507
-9.301356092549876E-5
8.997493160937353E-4
0.00412221381915667
0.005286916714289699
0.01091640010781304
0.01477800923505822
0.010979104943970324
0.013047528796537257
0.014170542448965767
0.0075207322697566775
0.003260287966661952
0.0034515241313999804
0.014637984425533362
0.024175015247665008
0.017317486846862247
0.007176741820629077
0.00369584871065707
0.004518805504888801
9.853356148692306E-4
-0.0012748208860382743
0.0024841070993106575
0.0035842309881806925
-0.0026374759645326974
-0.004510503177923394
-0.0015983802172104193
-3.9901845948899433E-4
-0.001327237554363883
-0.0016756958181539342
-5.6692694422804E-4
-0.0020903487759463945
-0.0025987412805807152
-0.004272174366163038
-0.010905639445603707
-0.017294711914606097
-0.02023287712387164
-0.013609888087399427
-0.004353529360412375
-0.0033622172970368108
-0.010612566892802974
-0.016234116912396932
-0.011425700867015625
-0.013260692995430284
-0.014312879571777133
-0.007157694563585818
-0.005153207620810121
-0.003942812775457504
0.0023592172425494014
0.00451496285651754
0.0018072326344163155
7.989381497893933E-4
6.464469209617107E-4
5.862475106440012E-4
0.0025286117682247716
0.006943383017897316
0.006275445873514511
0.008579869157380423
0.02270750787044314
0.024583699920861096
0.0114767451285984
0.009718433786559797
0.026995886914063783
0.029504487998995046
0.021379090859889333
0.02376939207118826
0.02679892105117742
0.028407783429042485
0.028151067180448762
0.022823712089096945
0.02518346937519454
0.03553419376557248
0.03210791814886952
0.030040635359682794
0.025968744146240147
0.019829634280067177
0.022636508751703203
0.024867098804727934
0.0210996496278871
0.017070321918362417
0.020800588357519714
0.01933040773484789
0.01033283608818226
0.0029673722737672804
0.0010535344971158672
1.4294506602342632E-4
-0.0023021110150730087
-0.0022109768202685084
-0.0010845399035107023
-0.0011856407873130739
-0.0021533643070589087
-0.003124439162640757
-0.006928302719962061
-0.014671079514139674
-0.022575964044176465
-0.019594268957235574
-0.018448998599542382
-0.02567071943708763
-0.023598727809854156
-0.019199527119726216
-0.022668318658296854
-0.026457627722489416
-0.027117514166139133
-0.03541667754046952
-0.031018374233488813
-0.023816182573815025
-0.02630386763411886
-0.0234734155051614
-0.02758856198433096
-0.029031454998239028
-0.01967139688494139
-0.021014909136590258
-0.028875905715303643
-0.02080721533335284
-0.011572799722590569
-0.015919929848680556
-0.01782620011275212
-0.01711792203120074
-0.014997071708501617
-0.00624368239647246
-0.002896286194784394
-0.0029726403267429087
-3.766296861397309E-4
0.002903610547934078
4.1550869968244065E-4
-4.2941116201016867E-4
-3.45311251234861E-5
0.002184442662293675
0.004329063046175117
0.004849022026266744
0.005498088626530588
0.008561220969710369
0.012054640752530394
0.012926143767585595
0.012293219919971975
0.011401973604149832
0.006643988417135644
0.0028975058402058917
0.001658527153445691
8.47664554246871E-4
0.00679730644331816
0.010881579969223771
0.010385264670171259
0.006844686778066505
0.0030436238333771725
0.0017257594782519965
-1.2661969539901752E-4
-0.0019275316449487842
-0.0023977451945349005
-9.720266620285093E-4
-0.0014714900862372766
-0.002268532590964198
-0.00305105553073664
-0.003876705099502416
-0.007583798477802841
-0.012769257589259017
-0.008137818109223793
-0.0023290908455797787
-0.002328106007340015
-0.0024355535947757226
-0.0046125778704192415
-0.01282715917115013
-0.013934111927122683
-0.007519343891272688
-0.008026999967936035
-0.011841443772639003
-0.009927375915942711
-0.005507963527467968
-0.0018534561606374665
0.0018656770219048684
0.0019480554981445887
6.152190998578492E-4
6.533903933828642E-4
0.0016282145254064887
9.789600849120835E-4
4.691152207610218E-4
0.0030164650440482766
0.00655139468385922
0.00524232334458652
0.007314015728609668
0.016693737330582773
0.02161506371343234
0.016290503778079456
0.007226565800811076
0.012755958795963395
0.027422057524685125
0.02392710201750693
0.0182898132874977
0.021147102841501213
0.02468322491977957
0.027955227287181805
0.019815643472923875
0.017925730403561747
0.02386526410264965
0.027261492175663354
0.02966549207472856
0.021106272370149094
0.018304574166071622
0.02158855265450152
0.01906896748588717
0.012948625806369846
0.009302333657824083
0.014307373631105635
0.014804643310742969
0.011850303833947742
0.013491845805552042
0.009668746602728113
0.0029451369179695785
5.435209814528978E-4
-9.78653661881864E-4
-0.0012760348961169691
-0.0016412032276918265
-0.0022312323695151013
-0.004416929797606904
-0.013917602473680348
-0.016353174873990975
-0.013453744147577888
-0.015668920450467087
-0.013147110076987285
-0.01654809832876729
-0.019816783181982458
-0.01855750211263775
-0.018870253627096722
-0.025308256637708786
-0.028184748241872573
-0.021917131918868935
-0.021731032665357846
-0.021446169468750925
-0.018756037911619453
-0.023273459829974277
-0.023552020233132166
-0.016567617883102907
-0.017679874702384926
-0.025080262193938538
-0.020909211747985868
-0.01025860085962407
-0.009871516806042554
-0.014119151774170976
-0.019423295894075154
-0.01672535056673429
-0.007936326892824239
-0.0019163605514573817
-0.0017661829200551656
-0.0029738098854310254
9.246192205261606E-4
0.0026955969171839618
0.001326144306188976
7.565132670330976E-5
6.429476641506118E-4
0.001776981814032899
0.0015874495456909671
0.0011612063065632714
0.0021789674460775997
0.003132352659114303
0.003345288796839241
0.0035659111809347973
0.0022002375067859434
-7.775806352419426E-4
0.0030795084774192325
0.010878879764149448
0.012807100664701787
0.006718977273250974
-3.749265903383997E-4
6.991817863633169E-4
0.0014086952427371578
-5.035082563350507E-5
-0.0017837757812148886
-0.0022680524684903823
7.302394408212783E-4
2.3802803862967058E-4
-0.0013018329081788426
-5.490929285077098E-4
-1.365536949149593E-4
-4.752991462024444E-4
-0.0010831105632751977
-9.213552035222772E-4
4.611850064122448E-4
6.401519810087537E-4
3.254713273658491E-4
-0.001343344422752327
-0.0035040352953414175
-0.00132397248774269
-0.008988520531967277
-0.0151759467830337
-0.008187401968053822
-0.006852772462718889
-0.0062153152565285015
3.716783038509221E-4
-0.0020551186102394006
-0.014112382590250716
-0.011796636803693096
0.001688440600805442
0.0027701044043083735
-0.0019201609268139652
-7.059502016300412E-4
0.0015190760806093493
0.0013797093296108898
7.332870027145576E-4
-4.0212111318600367E-4
5.596054463783411E-4
0.005636226636363377
0.010292959630043827
0.010035929778032901
0.007925603446260206
0.01858221776969912
0.022746199696793604
0.013754328879338392
0.011555931670773411
0.00987649997304391
0.02111167389117254
0.02658044615408927
0.01713578869768482
0.01249662857908666
0.020301084489882538
0.028898131213774065
0.019251966697651057
0.012068750531304661
0.017124019238773998
0.023573393748238202
0.01955379971790555
0.018839611374248177
0.025281571028623873
0.022451200170842844
0.013626245485410094
0.0070735375262979
0.005436241268098276
0.011283252173932641
0.013754964042262651
0.00863167806611603
0.0023642004488822884
-0.0010090964957466056
-3.6332809372817426E-4
-9.80238748601348E-4
-0.0018441254957348287
-0.001253910686672439
-0.0013198774843194321
-0.001789774375150284
-0.002814146148064762
-0.0024574194525929212
-0.004565015274437064
-0.012490417065633771
-0.014891099639634349
-0.013428757555208648
-0.015448098149209015
-0.01964679352972119
-0.024530013368519395
-0.02256578182969554
-0.014980486995529747
-0.018468384262996622
-0.01915176908130148
-0.016976669395335944
-0.019513713876953866
-0.022184113381269868
-0.020097593844207767
-0.014839702116760665
-0.015890481488850392
-0.022036422266441494
-0.021636418272622082
-0.010295104682797549
-0.007340292300259005
-0.01295004870975183
-0.012306116285636111
-0.016931271962933557
-0.017247666639607483
-0.0054011599641891755
-0.001205275623014154
-0.0020679021081422802
-0.005807541225939389
-0.008879384168710458
-0.006357930592096969
-0.0021097824267398172
-0.0027103703236827335
-0.002717031157814156
-8.738274413869986E-5
8.416364677994634E-4
-3.64338786813497E-4
-0.001178597493937387
0.0010509743037059583
0.003681271367189264
0.005634830671536217
0.0025131436688042175
3.323143381543521E-4
0.002625049461978872
0.007433064763945133
0.01021246977190617
0.005420288549535314
0.0019108324338043894
0.0035607926989060274
0.007034463508922603
0.0021685303054269924
-0.0037013706058258403
-0.0027287351778370723
-2.3421864285572868E-4
-1.508000969894178E-4
-0.0017825641045614172
-0.0012640355141272587
-0.0011085987232901425
-8.178509471277074E-4
-0.0010193994095331186
-0.0017793381868620194
-0.002670530673008911
-0.0018515843204995172
-7.973929213928407E-4
-0.0012188829816065338
-0.003695888044624557
-0.0029364636641911685
0.0016402730659882709
0.0019948726122486753
-0.0013888886993606454
-0.008715163402918405
-0.010025697757721127
-0.004115720245531848
-8.998038459766347E-4
-2.903996527561851E-4
-4.543831746949554E-4
-2.759725300545526E-4
-2.4775617335036094E-4
5.653381225775606E-4
6.637777822617084E-4
1.6556904771305954E-4
-2.89850583322672E-4
0.001147986428366458
0.0044363073803968915
0.006066608880748662
0.002844124302886351
0.007367086092914357
0.018601657791146687
0.018526284754384476
0.012164848031292308
0.00617642064040983
0.005665872002455833
0.015123109859875484
0.02178725031007567
0.020228215014300326
0.011971513527647483
0.011316121879133651
0.019540511590943815
0.022925338889776804
0.017796575798989404
0.010392417664000621
0.014610218116214985
0.015599903327845981
0.014262562134898583
0.014766928695107498
0.01032823239796566
0.01486600508970572
0.017995493717787556
0.01472586002164374
0.01433275595341498
0.009004136572345136
0.002737730946725877
-9.774140117383643E-5
-2.8963475802203754E-4
-1.636882645586234E-4
-5.397146193368411E-4
-8.060567745458095E-4
-0.001505769468669338
-0.0013828826365325573
-0.0026175059144275437
-0.011074945795615732
-0.017836743863617197
-0.019532431989672413
-0.016235901834754624
-0.009060210952390063
-0.008021355511243345
-0.013001126073801448
-0.016668701285772063
-0.014568884633222852
-0.013696147205415185
-0.013871529531914083
-0.01809502298959344
-0.01792907464093692
-0.011940679056581674
-0.012977666407319087
-0.017329496848460236
-0.020060798197489925
-0.015834434835209545
-0.006859123595465681
-6.53471145291331E-4
-0.007175213586113607
-0.016171376801020317
-0.019317074379677997
-0.014245543197207673
-0.004347157995926245
-0.0018512991855172093
-0.0031531146393802734
-0.0057910688453500425
0.001137667473809831
0.0057980108693717084
0.001035535459311249
-0.0014499443633821506
-0.0016892107040709363
8.938598420413714E-4
0.0028052296491671122
0.0018595967584282397
1.1101555514300769E-4
-3.723482742366877E-4
-1.9880843277399717E-4
7.569635261398155E-4
0.0017548573204401224
0.0018200005780521157
0.002128473944543524
0.0017751105581993085
3.383221469201303E-4
-0.0011316868487023185
-4.2889900415756855E-4
8.016386598504088E-4
0.001101155536346051
-8.965819689637362E-4
-6.673172328450051E-4
3.4793961795006006E-4
-0.0010087832632298048
-5.785934385755465E-4
-3.259057454557438E-4
-0.0011636227704626806
-0.001589679834669712
-9.150752354464282E-4
-1.9821972701285318E-4
-0.001657747964519429
-3.2369675170603314E-4
7.788377513680932E-4
-7.706198586311295E-4
-9.215035699062875E-4
-8.846093598717591E-4
-0.0014852650987892755
-0.0040109753917899425
-0.001455224448034014
0.002926172623226345
0.0031160210674269695
0.001945966666101561
9.133308125981122E-4
2.639292011325697E-4
-6.39941409608417E-5
7.854655441049489E-4
0.0014381517283296784
5.955449171897593E-4
1.1408661700144431E-4
1.4910009080527895E-4
9.905185457980365E-4
7.384468671103473E-4
0.0011507640311661414
0.002509824507610517
0.0010164405009865313
0.002916460960236061
0.011636770444382804
0.01750998044037703
0.016353795493282544
0.012993702797206415
0.006500475230650777
0.0021589244508170764
0.010300173429702778
0.01981008392917267
0.02018657238056644
0.014809289467230771
0.008191223801387986
0.012144625327229317
0.01859014275484308
0.012652614830884775
0.012247514578818647
0.01417307878902378
0.00902017450546167
0.013551654434764518
0.014764427962355912
0.007453743004853763
0.005613877042012868
0.0061760853627461365
0.001840305047654427
-0.002502600389260087
0.0036165768239699576
0.011179730178855388
0.007999330680985664
0.002055234461921547
5.134955429020554E-4
-2.6050196571282373E-4
-0.001330944304904079
-0.002990890918191793
-0.0020920454570532237
-0.001811506029666664
-1.5885673982054868E-4
-0.0023105814751547414
-0.009787815288394503
-0.012820088983805902
-0.010406750651473368
-0.013557534764082132
-0.013983985331817812
-0.007633318184662989
-0.008101918562777689
-0.011689185916290902
-0.021489477168781804
-0.021631528909567595
-0.010167124022500536
-0.0051816557564813995
-0.007730928778301663
-0.017931028630437044
-0.02535900351980904
-0.015373816161017986
-0.003078708315171916
-0.0018577019137532142
-0.007672691722302481
-0.011486718350896983
-0.014029838226566066
-0.019333077905739723
-0.014096952693397904
-0.004817078347765579
-0.001995964351082068
-0.0022141886926006645
-0.004076944752962219
-4.307616870281205E-4
0.0030589272117867244
0.0014598358887363953
3.410735360852602E-4
-0.0014629215085662528
-2.1576588117865758E-4
4.8446611058590807E-4
-4.53599720326229E-5
5.396858323584238E-4
5.677198241899238E-4
5.261877478306202E-4
-2.592357974204037E-4
2.083830566398491E-4
3.6582711226210276E-4
5.098599955230953E-4
0.001128057562683737
0.0014578319232487569
0.0018786616140478176
8.872657677032872E-4
5.136118781534294E-4
4.0714187499870644E-4
-5.762673049373271E-4
-0.001320154453149146
-7.707564548614513E-4
-3.112273775052988E-4
-4.1980906907191775E-5
-7.66242354033695E-5
-6.035582590135066E-4
-5.366963894860736E-4
-4.977213701393546E-4
-2.159154192594702E-4
-2.533372191601587E-4
-4.140965832721267E-4
-4.674368475589259E-4
-0.001614008216166529
-0.002397256448412023
-9.016931281036305E-4
6.34802881875636E-5
-8.693816123343758E-4
8.996090615377559E-4
0.0027603019810272683
0.0015419068805083574
4.8227481089508576E-4
2.8809012845139487E-5
-3.088565059646115E-4
-2.3333845614940778E-4
9.876361101157638E-4
0.0020733217059838993
2.4876464404186265E-4
-7.801995238125701E-4
-6.743054647148438E-4
4.170399419473091E-4
0.001949081544298702
0.002106903334092048
9.454663699564345E-4
4.260620481581233E-4
0.00287155207530687
0.013265490941008228
0.0159819126564365
0.007368160610037936
0.011240420601881433
0.013015745633059161
0.004600395844174057
0.0019629647709539385
0.006780832598287718
0.016863255181086795
0.015944580027011566
0.01214878307858246
0.012712649408304915
0.008117601901822152
0.007091546796009038
0.010589731608058471
0.013772583205849745
0.011373523555682078
0.009977553005442511
0.013196721569955085
0.009073743329678823
0.003734818139731729
0.0025709943430594208
0.0040426979703444025
0.0041539565285856825
0.00198286067705728
-0.0014416940821326935
-0.0012458778382731554
-4.532547483407544E-4
-0.004055682583730584
-0.0031041637773824315
-0.001201488242525387
-3.826696165297998E-4
-7.119751336817243E-4
-0.0010301567451953073
-7.724140303764879E-4
-4.75742979346593E-4
-0.002525991981004567
-0.003946834922918145
-8.043681208514846E-4
-0.0012723808413381101
-0.0046926138470203315
-0.0038071226389816684
-0.004483072708104768
-0.011165394399322232
-0.012480488989233974
-0.013553339651357734
-0.013889459731290887
-0.006985425335619265
-0.0034699205502389404
-0.004109465470293306
-0.009573402481595028
-0.01509734742902998
-0.01953225576966594
-0.014853676230450696
-0.004204046098962182
-0.0017433662415981739
-0.0028059162088312213
-0.0053831396318951095
-0.0125557614819728
-0.015102864875292218
-0.01425779103745667
-0.013990392558933501
-0.007468273900210296
-0.0028454932490210127
-0.002790543125406641
-0.001277038019521903
-9.54768346685275E-4
-4.1678749085562297E-4
0.0026093402927227748
0.0017289480966591957
-6.137893043044139E-4
-9.31527966210783E-4
9.048451958603763E-5
3.534027742356515E-4
2.747390421597154E-4
-3.019027562997748E-4
-6.250074979117948E-4
0.0011943516214495094
7.456302412780372E-4
-4.920798096989927E-5
-2.027668973528294E-4
-5.197922544733256E-4
5.015263573737376E-4
-5.44092620333881E-4
5.73355692945553E-5
0.0012039847716975856
7.284017801241766E-4
9.272437009267582E-4
6.115859546297011E-4
3.7420003572021735E-4
2.3422140167318848E-4
1.4779379557960172E-4
-1.6236494803662725E-4
-4.2401947531996317E-4
-3.0495866504145835E-4
-3.569866803662302E-4
-4.796755612929076E-4
-0.0011548822951577618
-0.0012699875990807936
-4.877067264481374E-4
9.192064309573883E-5
-0.002115621049051285
-7.591085540561825E-4
0.0016945641607213633
-5.320807377053648E-5
7.791122100941657E-4
0.0015397809390303478
0.0011849422467501008
8.417401880136526E-4
-7.666876852551872E-4
-4.075690691401315E-4
-8.244504046746618E-4
-1.4646729509029858E-4
0.0018156148283110408
7.022065331927235E-4
4.322901254722844E-4
1.2263574364924912E-4
-5.611945184720396E-5
1.1213747866065715E-4
-2.0999710030402023E-4
-6.458871862756766E-7
0.0010998776211819867
0.0017529198242720203
0.0011184050493323447
-8.0774035271227E-5
3.592333829285908E-4
0.0033911404410966466
0.008518266065136722
0.013656395992172958
0.011178335771675596
0.008163166431808049
0.009853640235371712
0.008876378726143315
0.004863267855846208
0.001028745802575594
0.003680947320592519
0.014596700112757306
0.017660739838724838
0.009458967594679638
0.004152367369816819
0.002794467177220482
0.004648791132840433
0.009770018737106778
0.008541639332195943
0.005953879318666467
0.0045750681196947566
0.003201474862444725
0.005183842016154915
0.009355880701703406
0.008482877272311028
0.0026459519606795647
0.0018928448121274266
0.0028125336149990017
8.415625879326329E-4
-0.0019145574293854921
-0.001098130570153952
0.0029342879994372416
-4.204866490267194E-4
-0.003493376203130537
-3.501621032676723E-4
-4.252709108194981E-4
-8.253172450575924E-4
-0.001541311629642034
-8.298255369566955E-4
-6.86772438998374E-4
-0.0019737231292477776
-0.002095184318022151
-0.001492322184269814
-0.005579540868686351
-0.010095711931400048
-0.009041584773570066
-0.005940430010342886
-0.004755000158845673
-0.002543771237923611
7.465343945582216E-5
-0.0035627377038712697
-0.010369651005891536
-0.013862190979720655
-0.017906516825212965
-0.015119423529636671
-0.005347424294978537
-0.002047117038314617
-0.0015596650604719218
-0.001756256363835556
-0.0025643917652680964
-0.008553605045859775
-0.016816856459843967
-0.014104627920894355
-0.010711629141230647
-0.01119562982736469
-0.005752966789432799
-0.0015339159506719655
-0.0015615978714540767
-0.0018236338510660317
-0.0012826177895377481
-0.0017346829584106898
6.861786078792095E-4
0.003220911085837832
7.297157744650008E-4
-3.066555119761417E-4
-8.116254620043058E-4
-0.0012501383981347758
6.750286584583136E-5
7.452781802645316E-5
-5.139390825403995E-4
8.866262071841861E-4
0.001411184058284786
5.304868786599838E-4
2.3641866274027974E-4
-2.664914197644491E-4
1.4750045581147405E-4
2.216193574147529E-4
-3.3419115044784565E-4
-2.740954577865625E-4
-3.433613031166882E-4
7.87327532666016E-5
1.0799845344227255E-4
6.243345234503972E-4
-4.931246917200714E-4
-1.2142734242071638E-4
6.895807632038769E-4
-5.016517373003968E-4
6.455857856999503E-5
2.3922159747035934E-4
3.025156366814054E-4
4.734711107267818E-4
-4.4470690503821127E-4
-9.895889747343974E-4
6.496319908975671E-4
6.177292253431838E-4
-2.5884702766747637E-4
2.0163333562622958E-4
4.949220216843641E-4
-1.0066732149588406E-4
-4.6629484819691084E-4
-2.2452134942730042E-4
3.7467538477886804E-4
5.301852236239613E-4
-5.807929622672912E-4
7.478548632074489E-5
3.4389769299435446E-4
-5.411692596116235E-6
5.1195508034583715E-5
3.0602600902137115E-4
-1.2361040343822805E-4
3.095513077291732E-4
4.987432366496773E-4
-1.246053946229424E-4
1.8405077445220275E-4
-3.4922951330378007E-4
-2.5419616672085077E-4
-5.4517188202592094E-5
1.2888030989999013E-6
0.0016634778244628808
0.00245130096672235
5.954379468531662E-4
-6.092786345768821E-4
-1.513024486484815E-4
0.0021708008442480786
0.008357195191769792
0.01378920581015562
0.009890303968691753
0.007183189948944421
0.009631511337931517
0.010315062667578702
0.00685348218393119
0.0022316010132498753
0.001704585529306971
0.0014201140655393546
0.0030614434605771242
0.006830921415237496
0.007602079904774566
0.011392914054183455
0.00985561659258042
0.00306387291538669
0.0019116342253756547
1.2050034802373281E-4
0.0012322147249817148
0.001960540646340309
5.259853765448715E-4
8.32980043835331E-4
0.0022883950292524125
4.082516652522151E-4
-0.001299623205826541
0.0013265313022978876
-3.3575632594130274E-4
-0.0027778588899715247
-0.002500641740734381
-0.0018595422001027027
-0.0015909385038155063
-0.002867445136429563
-0.0014349342317185809
9.434342703394593E-5
-0.001198332227214338
-0.0014980609525065477
-7.269805674134505E-4
-7.529609643771966E-4
-6.592189927148808E-4
-7.778101375196828E-5
-3.8085570879249967E-4
-0.0010048867116310776
-5.596052750730478E-4
-0.003153371311535818
-0.0038288683208246767
-0.009603015979830895
-0.013312029293726506
-0.006271448015275068
-0.002564506147689423
-4.358864472762971E-4
-4.086153143670755E-4
-2.8981229608270937E-4
1.753971065794901E-5
-0.004669582671667646
-0.005860096074993506
-0.009577986778949929
-0.012326139382721013
-0.007949485120981514
-0.011167472784705638
-0.010687267186288492
-0.004195099587892894
-0.002156496464110369
-0.0018623015983111142
-0.0017811343366105998
-0.001166978249957673
-2.5027436628532817E-4
6.958920099458794E-5
6.988154150907102E-4
0.0014038330170769657
0.001259581859284439
1.4577473113828814E-4
-2.3632900678259322E-4
-2.710902116949968E-4
-5.03715486115544E-4
-2.8381391811215043E-4
2.067003757321318E-4
-7.929287144843248E-4
-2.271220100420067E-4
4.0950192308626606E-4
-7.883836505485041E-4
0.0013744902648806668
0.0016861527380969189
8.324885681986896E-5
-1.503576115898014E-5
2.7186194061222617E-5
-2.520916612614323E-4
-2.1614800593570925E-7
4.917386967970228E-4
-3.142967745577107E-4
-3.551623539355608E-4
-3.9691825662242525E-4
-1.1843670101466947E-4
-3.2052333626629975E-5
-1.0265555256615405E-4
2.900403638044984E-4
6.185841650164279E-4
5.995700029666693E-4
1.5860216184811153E-4
-3.6372111971217074E-4
-5.512174146589552E-4
2.9887076318793474E-4
9.298732788909718E-5
-4.121690014911738E-4
-8.297036222211328E-5
-6.014836745759875E-7
1.8739561896974653E-4
8.725686040344914E-5
1.804663401795802E-4
6.352716384201015E-4
-8.948810515098157E-5
-0.0010843357427461823
5.621366150991244E-4
7.931688448973121E-4
-4.30144586985245E-5
2.2417179014903575E-4
4.150891234604348E-5
3.8139088679013916E-4
3.1526018844548403E-4
-2.9068707757342975E-4
-9.313949135164332E-4
-4.0632804430281333E-4
3.6539175345134153E-4
0.0010654603640515505
0.0015179806044213402
0.0012646299654316133
5.594036701129312E-4
-4.5111516423857216E-4
-4.365428339373017E-5
8.53824060671507E-4
3.1655911735345107E-4
0.003392867748325902
0.007005268024646518
0.0032946146567730036
0.0010562405371779327
0.009890705193662114
0.011679129883563412
0.004451162642174314
0.0013709787210329498
-3.376728744168119E-4
-9.189847618958285E-4
-3.031947347675524E-4
4.130562593970048E-4
0.0020216169950525204
0.008307343971404044
0.012624263764071763
0.008959325944455941
0.002735129241230024
0.0015874107521807177
0.0017166015508048532
8.740691945981881E-4
-1.7004153403802925E-4
1.723211144072567E-4
-1.1947363835057238E-4
-0.0013659457907788202
-2.6015432497145064E-4
-4.7177979870718635E-4
-8.319732524086151E-4
-9.134809097461415E-4
-8.671535764491327E-4
-5.218622291414775E-4
-4.255252441525806E-4
-4.171142478687951E-4
-6.456633015292507E-4
-8.06358691187473E-4
-3.52883906504678E-4
-2.687440988004983E-4
-5.359201022483526E-4
-7.626695948158011E-4
-8.01731727457464E-4
-3.9391643219446193E-4
-5.933024618581046E-4
-0.0019225837260671453
-0.003122850922368523
-0.0021186103825144987
-0.001256856884042425
-6.556619744000086E-4
0.001998423628369134
0.0021666425594797016
7.533812009574011E-4
4.653519513640718E-4
3.611332891958238E-5
-0.0013035673550518486
-0.0018593271711553414
-0.002408390279884437
-0.006536555384907304
-0.011652779939361672
-0.010019719808090211
-0.005938320077186654
-0.00869130731875758
-0.011075838400756306
-0.00684385983852468
-0.002194076684830364
-9.635308986979504E-4
-0.001513991096281759
-0.0018743433015539156
-7.516444685272307E-4
1.38262839438004E-4
7.33693771888382E-6
2.5665705532175074E-4
7.760195194628094E-4
8.545278377452549E-4
2.3912942494898226E-4
-9.984973273171208E-5
1.5576359588151924E-4
1.079424931015382E-4
-7.111462450067076E-5
-5.032904257192283E-4
-3.3042725487189556E-4
1.1088907471711073E-4
2.768883206951403E-4
2.2426810773905952E-4
1.795062200343153E-4
-6.657396328471839E-4
-7.926412540456754E-5
0.0010313956066143018
-1.4996356086130467E-4
-4.830504114166515E-4
2.8261216594750596E-4
1.6161310317925736E-4
-5.9884300462797795E-5
2.0761334166012136E-4
3.3450575204800316E-4
5.668656945087899E-4
-5.177527488330304E-4
-3.8539004305415876E-4
9.322597060718751E-4
9.166247121190445E-5
-6.077479857384932E-4
3.752665026608921E-4
2.9594718835982304E-4
-8.654603804452049E-5
2.0084559893234356E-4
-2.488506008657382E-4
-1.6454023618372806E-4
3.4106167310283587E-4
3.234088591675135E-4
1.9846232083455757E-4
1.81228875305458E-5
-1.6844569064775974E-4
6.001414232511448E-5
6.601196111793398E-5
-3.505047973488094E-4
-4.488925613027303E-4
1.8064626285803267E-4
2.587532923756915E-4
-1.0385199671707462E-5
4.1126194108755625E-4
0.0010378691092375308
0.0011481976025898106
6.358302206247111E-4
-1.1804863696124077E-4
-1.706950902278371E-4
2.2517861836317905E-4
0.001029939792526615
0.0011497841684216215
8.832806454973797E-4
0.0026175572091003325
0.005040292544815675
0.004386864448334748
0.009366832328886632
0.009504282265564991
0.003079780344502537
0.0031898461551244143
0.002019247946721684
9.64206838950927E-4
-1.0219832163884356E-4
-4.334445259394225E-4
-5.45609336031933E-4
-0.0011802675968385073
-1.2727050089767495E-4
1.8007776325241364E-4
0.0019395594931145852
0.0033003914921598066
0.0010695954259447005
-6.385244927287042E-4
0.0031254678537510254
0.0011603569158882842
-0.0029201463754208144
-2.8639180747978376E-4
-0.0015092352231202415
-0.0026048708540031764
-0.0017157599191642444
-0.0013743070175306924
-0.0011398267182112082
-3.637525595725801E-4
-0.0010246337791953975
-7.202469959167385E-4
-7.20577372481255E-4
-0.0015884717962827406
-3.7680686051400124E-4
-3.1209290445605625E-4
6.350601141090797E-5
-1.1282784207870918E-4
9.631726890794167E-5
6.522034306317658E-4
-1.604744304380809E-4
-3.5925212909327937E-4
-4.5601396813837444E-4
-2.880991447544718E-4
3.5662542340206644E-5
-8.305941151021754E-4
-0.0027498053633900547
-0.0017082871283748031
-1.6570519537916303E-4
-9.107741161949035E-4
-0.0012986347195667453
-0.003338451459752709
-0.0072857287794226375
-0.009591620709041179
-0.006719254217734447
-0.0025994278875548994
-0.0015875005127789891
-3.068018411136115E-4
4.095422705557144E-4
-6.632865751685787E-4
-0.0010539040594005054
1.5025385523493995E-4
-7.131512925912581E-4
-0.0012168800758122292
8.936816575364403E-5
0.0013816869042346384
0.0018132421206811433
3.7696926684848054E-4
1.0787537553728083E-4
6.589388558957507E-4
6.683968850429732E-4
-8.517477158870768E-5
-2.6085306034668096E-4
4.2147535575872986E-5
-1.266667252683685E-4
-4.136612247176354E-4
-2.2650961025847853E-4
2.503598424469658E-4
9.989441098545177E-5
-9.162532074058721E-5
-5.094820321437774E-5
-5.363672693634071E-4
-2.1624920523513228E-5
4.011792508327509E-4
-1.2299003968690062E-4
1.0021366926557402E-4
3.989341494875284E-4
-6.274134585537545E-5
4.6529735390630475E-4
4.790773566388416E-4
-6.763651615035929E-4
9.963286885424536E-5
8.19277087901864E-4
3.139553308656629E-4
-1.291713291660886E-4
-3.614281588259238E-4
-1.4344940707937188E-5
5.464918201238634E-4
1.4393627560013193E-4
-5.448416157066934E-4
-3.8227684946016987E-4
-7.728287985499463E-5
4.558455687171167E-5
-8.063058574076811E-5
-4.3230300752077105E-4
4.80062583021979E-4
0.0020151758054713816
4.0726237578832535E-4
-4.913043542680843E-4
4.0116820633763153E-4
5.696249813526485E-4
1.8310272907186693E-4
-5.384704279403933E-4
0.0011448919791115504
0.0015759326488457171
-2.1875096986532304E-4
-9.422018052733675E-5
0.0023814307640881477
0.0029342725063578284
-5.315560901934499E-4
-4.888288043137087E-4
0.0026162313383129732
-7.433807353867316E-4
-0.0015880480271816318
0.0016688650129190873
8.550388102401717E-6
-6.163104752830937E-4
3.833185552876386E-4
1.61816061614937E-4
-6.260518797488282E-4
-0.001070559157043888
-3.9804233772731945E-4
-4.909282130675105E-4
4.597651223266159E-4
1.5617064537091786E-4
-0.0011981470084732498
-4.5451511236253747E-4
-4.1176613938890356E-4
-4.977972921161439E-4
-4.091345560505277E-4
1.3256723078874236E-4
1.5758372572872173E-4
-7.436407872438263E-4
-9.580142094813778E-4
6.13388014298467E-4
5.388757941902582E-4
-0.001130049905891938
-3.5254669763622366E-4
2.833884411185213E-4
-3.7156949141237404E-4
-5.744789692191632E-4
-7.376689576487435E-4
-7.406496377886278E-5
4.2303482431642174E-4
2.0075073855615205E-4
-4.4521784776386364E-4
-2.793031969536757E-4
2.9531120455112905E-4
-1.955360021853664E-4
-8.605797299939362E-4
-2.73080308654896E-4
1.6318326714554904E-5
-3.639428384299573E-4
-2.901510651982421E-4
-8.265250934860636E-5
-4.49874011736932E-4
-6.243838531820424E-4
-3.0349773126097236E-4
-1.232142621698919E-4
-7.909911651632905E-4
-7.555567585224077E-5
-1.3615388408086648E-4
-0.001395794621478399
-7.629025622042464E-4
-2.3510026978538074E-4
-6.715530346916192E-4
-3.548947454024641E-4
8.920711629094598E-5
-4.853192959410425E-4
2.8721321660804235E-4
8.467697301821532E-4
7.257277536631133E-4
4.923337332234727E-4
-1.2716975722419383E-4
-1.8660611256881776E-4
-3.372337128963895E-4
-0.0010806471236680245
1.334784836737808E-4
0.0011708491428679636
3.040846274436352E-4
1.555183796493379E-4
2.99494810161322E-4
5.678946087326998E-4
5.476953782180959E-4
3.6932750949304126E-4
1.8026171800730967E-4
9.686527942587769E-5
1.961553153324186E-4
3.854550197285699E-4
2.3739059080219752E-5
-5.267043190651805E-4
-6.493070837880186E-5
4.5568042603489153E-4
1.1890552713485238E-5
-2.5421047632160823E-4
1.83955174014902E-5
1.0129657234359621E-4
6.680323394057014E-5
1.1408431738510841E-5
4.132858693926025E-5
1.279344745904904E-5
-6.499708874555622E-5
2.7626151286881564E-4
7.535190484366463E-5
-3.320010528833855E-4
2.080988489586896E-4
5.989818744719434E-4
-1.870482566675167E-4
-2.560200741790277E-4
1.419384114118765E-4
-1.8233077344755863E-4
-2.2223688683511978E-4
-1.0413242582435196E-4
-1.4367064976138555E-4
-1.9012570248310852E-4
-1.3692079863186479E-5
7.710644949847066E-5
1.6839015683849435E-4
2.031449590408481E-4
4.1604935873443846E-4
7.632223985122628E-4
6.404358728130588E-4
3.270816367754515E-4
2.69149301233575E-4
-1.0502679816988523E-4
-1.9839506416723714E-4
2.5526309090358583E-5
2.6824440536478276E-4
3.904100827229794E-5
-7.843716071203628E-5
4.8732706872553266E-4
2.0662854047883482E-4
6.373142748863497E-4
0.0011851556749849035
8.312063878705927E-4
4.059999943685368E-4
0.0011200788525527212
0.0010415998957756935
-5.744667123108478E-4
-5.190606533960244E-4
0.0010795880830937973
5.451004113674596E-4
-0.001968405224080008
-3.8705379753948177E-4
3.887627013000791E-4
-9.898490315998754E-4
-4.3475211818325707E-4
5.484322919946871E-4
2.1355185403875768E-4
-7.644999528123543E-4
-2.70021032194249E-4
-1.3567143249737466E-4
-3.762103632816974E-4
1.6970249063360602E-4
2.63419772437199E-4
-2.7918042647408485E-4
-3.9153983741338125E-4
-5.810605066057728E-4
-5.10138281200984E-4
-1.9216229675189534E-4
-6.605686670241075E-5
3.1346394361001552E-6
-7.054843760045048E-5
-2.6482068505168365E-4
-1.850518686172095E-5
2.633417621116046E-4
-2.129299202095452E-4
-4.939459310503156E-4
-3.2777161215366167E-4
-8.292329513669204E-5
-9.342915481257727E-5
-3.5381646630257084E-4
-3.0095769192921604E-4
-1.173786645954787E-5
-1.3660457208202994E-5
-2.4311018887720996E-4
-3.603113191519458E-4
-2.5464419001632304E-4
-2.574733401738051E-5
-2.218095577174797E-4
-4.6616961011965125E-4
-6.857771872255351E-4
-5.574989502048665E-4
2.4177401707055617E-4
-8.286460360114418E-4
-0.0012941170261020762
-4.6636305612903086E-4
1.315197044918693E-4
7.938274481832556E-4
1.3308685349460372E-4
-7.109221869571847E-5
3.9633289655389325E-4
5.671613972220768E-4
4.310756690366456E-5
-2.9346334367325413E-5
1.779309358213286E-4
3.682987806125715E-4
-7.906825224123246E-4
-9.381782214316735E-4
3.633858419507542E-4
2.466199826557284E-4
3.7007024299742374E-4
2.1513537171179462E-4
-3.577070137783275E-4
2.462077281432235E-4
5.33904359750558E-4
2.7166124882070934E-4
2.21552402557622E-4
7.68999323604765E-5
2.3799519434538588E-4
1.0887415961526018E-4
2.528681872226271E-4
3.153652605142592E-4
5.8277506402101735E-5
-1.4179088322880683E-4
5.385761033869808E-5
1.5572523976268215E-4
1.348587047867927E-4
-9.7680285848027E-5
-3.282700962074132E-4
-2.0637312484198707E-4
1.0392037366309411E-4
2.2295362877174834E-4
1.2592483925784518E-4
1.7697843387096194E-4
1.0270224924567258E-4
-1.4860628081096397E-4
-1.1401447816067223E-4
9.825175819589722E-5
-1.18770527284983E-4
-1.3179772077589647E-5
2.984453865573106E-6
-1.0043885100942851E-4
6.046711797052711E-6
-4.018155595095333E-5
2.0799427126351252E-4
9.887233618730778E-5
1.311327820117732E-4
1.6567990353041304E-4
-1.785153358507491E-4
-7.544980698455062E-5
5.86596835737326E-4
1.323060444349168E-4
-4.643959614650258E-4
0.0010466480431068044
6.399811633672563E-4
-5.797921870436538E-4
-1.6025487187755345E-4
2.028848621026909E-4
1.9508050213998127E-4
8.662078800797282E-5
1.5626935253619225E-4
2.2290887055206594E-4
4.0691270114704564E-5
-1.1833645183980746E-4
2.266396349274353E-4
4.705149961885206E-4
1.7379000662326493E-4
6.794153565788333E-5
8.359564416202816E-5
9.032091703854569E-4
0.0012044145817249174
-5.531845954332806E-4
-1.6728179881185114E-4
7.963576002621474E-4
-2.0914795105617562E-4
-8.478819840161967E-4
1.248914182363676E-5
3.9906489167428364E-4
3.4009347407808075E-4
-4.27907560814637E-5
-7.971161021317906E-4
-2.615221816846591E-4
1.1266853863806838E-4
-6.172292353750785E-4
-0.0011136182009988907
7.931992970003723E-4
4.98315319946277E-4
-8.055312067679469E-4
-2.6058205294653196E-4
-5.348445064439121E-4
-1.5348511531557648E-4
-4.441250862780419E-5
3.2224362210712026E-4
1.9139450827364414E-5
-9.598795380536475E-4
1.0689102836384792E-4
2.0390363443146704E-4
-7.83809731233769E-4
-2.7331288263546277E-4
2.9334162760417823E-4
-5.843118869372349E-4
-0.0011115555443991507
-1.714829223237772E-4
-2.370444042850257E-4
-1.5758464780978192E-4
2.883948439317428E-4
-2.2815888997860002E-4
-0.0022292143037888085
-4.380984450477012E-4
0.00267145553326808
0.0010858181998684197
-0.0019107704591090448
-0.0011025573458220358
0.0021140605518164667
0.0011835727207494032
-5.491511573792816E-4
-5.654835222823628E-4
-1.1251406507379812E-4
1.0478682102537877E-4
2.1768677303633425E-4
-4.8221893058023133E-4
-5.05759148277796E-4
2.6887088589673134E-4
5.452564626804925E-4
-3.6913798741850705E-4
-9.123683519835453E-4
9.310633370341885E-5
7.83821910226763E-4
4.916462479818511E-4
8.564202398184607E-5
1.5118387291316977E-4
-2.728172693493282E-4
1.1621941548236734E-4
7.403435095388298E-4
2.9710800883603436E-4
-4.003707895426836E-4
-3.699370229764494E-4
5.6578129189306076E-5
-3.2836453414016617E-4
-2.3923124275005507E-4
2.0419995881406657E-4
1.0799140316433745E-4
-1.4799575189123443E-5
1.1098159077410696E-4
5.258724362277062E-4
3.0767028573174286E-4
-7.011273923787439E-5
-1.7898432641330514E-5
1.3844083679065468E-4
7.722613044884524E-5
-2.601513357635807E-4
-8.458793338509145E-5
9.9105976677256E-5
-1.825950384021984E-5
1.3615877891765801E-4
2.6238568227664584E-4
2.9278050043081258E-5
2.543632842170645E-4
-1.0503346076399993E-4
-4.8245767884035035E-4
-7.336701356641425E-6
4.0312819361020176E-4
4.3658401564736975E-4
-1.1990663849189185E-4
-2.3501501697286358E-4
4.13126980063442E-4
3.7809475888506925E-4
-3.8756721000214454E-4
-1.0177450526236162E-4
-1.990343023225209E-4
-6.829987709405161E-5
4.708955622126262E-4
1.6348594291131573E-4
-5.9631981504563977E-5
-2.6129583829977866E-5
1.6095218801613487E-4
2.52358436824792E-5
-2.8022183026044214E-4
-6.680574309337482E-5
3.8912967556868785E-4
3.679026966574657E-4
-2.7393376847634116E-5
2.0869500928744202E-4
3.8148719515113355E-4
1.9323244387522983E-4
1.6231321588559304E-4
-1.768901884572355E-4
2.640579003507831E-4
0.001073875933156741
4.5239101906184527E-4
-7.270644238845763E-4
-6.10786938384592E-4
0.0012018594220844006
5.010946901288652E-4
-0.0010088354400915015
-5.242874819183965E-4
-8.60699696150491E-5
-1.4141380207891512E-4
-5.455432118396088E-4
-1.1587548445721634E-4
1.9880869010019628E-4
-7.699227195279404E-5
-2.1008006379557748E-4
-1.0823445126516949E-4
-6.223608618008034E-4
-7.972075987748103E-4
2.356399449288168E-4
1.3858642502248357E-4
-1.2788115866703675E-4
-2.9012180544323637E-4
-2.2737284614979906E-4
-2.5473116225234666E-4
-5.854559409533371E-4
-2.9693872397817343E-4
-1.5549484060744276E-4
2.4333311550461527E-4
1.1480888558784418E-4
-3.211976369046947E-4
-1.249225998899279E-4
2.7218841904581533E-4
6.205116729201122E-5
1.2030295849380211E-4
1.0913857958932755E-4
1.2276688244901846E-4
-2.964481839407816E-4
-4.5105795604841745E-4
1.9554647826227874E-4
4.159614418995857E-4
3.7307797629373713E-4
-1.8451173074700695E-4
-2.2578912565399928E-4
3.435252478032594E-4
3.9998575520264516E-4
7.593266283296524E-5
-3.885699671661287E-5
1.9581145267585238E-5
-3.086013928426208E-4
-5.430150149638619E-6
3.2332431130948486E-4
3.280049485402985E-4
2.0441541233971958E-4
-9.688852333907651E-5
-1.5346891866692967E-4
-2.3662596344147503E-4
1.8973865247488985E-4
2.2999475212842247E-4
1.0910582977156151E-4
8.670193258912319E-5
-1.3556377393962208E-4
2.273800647068567E-4
1.0409986490678215E-4
-5.0816469475199035E-5
6.608349597733628E-5
1.1933404652328217E-4
2.7109350389210065E-4
1.3568939307305515E-5
1.7872352909049374E-4
2.0646588259427796E-4
-2.0126787876248147E-4
-1.412245175581391E-4
2.1601995447910547E-4
5.079614987060749E-4
4.5067027187731506E-4
-1.0365351038826355E-4
-2.0350961491330088E-4
9.059925779715224E-5
6.13635033708696E-4
5.046207710488704E-4
-5.693603608377722E-4
-7.349593871617512E-4
-1.486488982733968E-5
4.0020195355826804E-5
-2.627419415508695E-4
-1.6384244085346998E-4
-1.3280773326021958E-4
-1.2356999666896955E-4
-3.3856691661838644E-4
-4.221594454195096E-4
-1.222444609625402E-4
5.619276899460317E-5
1.9945222883285653E-4
-2.2240467798048652E-4
-1.7881941053399825E-4
5.3768997785603826E-5
-2.932960469042188E-4
-2.3384060928422021E-4
-3.811898006944022E-4
-3.309329489348291E-5
3.063355050106319E-4
-6.75150649317483E-5
-5.016837856608345E-4
-1.2657844491444534E-4
4.4685064481229E-4
2.300935373318635E-5
-1.069980868781983E-4
-3.189926438636207E-5
-2.17780139461109E-4
4.8606491411469813E-5
3.7035724421078536E-4
1.5078794994027102E-4
9.113850610116135E-5
2.2088679073153277E-4
9.649413855717894E-5
-4.840759404477535E-5
-3.4660827790148615E-4
-1.576490213746141E-4
2.0781766987256113E-4
2.632257330457653E-4
1.691314819624494E-4
-1.3605761219299657E-5
2.7081244187161344E-6
-7.924603220217447E-5
2.6885134104165023E-4
2.041551506499066E-4
-2.2753044931710786E-4
-1.2663173392548835E-4
1.995234378815239E-4
2.624317039130126E-4
1.625445966344639E-4
3.096453335310583E-4
5.587848928316456E-5
1.541598050479996E-5
1.5749175304954552E-4
1.007063368423201E-4
-7.46209326876088E-5
3.064029240951833E-5
2.647335206506578E-4
-1.1396186043960329E-4
-1.4590330093458914E-4
1.3581337443722998E-4
5.099914610512725E-5
-1.5406860421818878E-5
-7.566465100583617E-5
-1.9544119527721472E-6
4.34516711184792E-5
-6.51460588150147E-5
-1.4815979352141703E-4
-4.943633326669392E-5
-9.121179807995255E-5
-9.462158569777648E-5
1.851352376092683E-5
-1.163720070688761E-4
-5.575028816779247E-5
-2.8237324987084747E-4
-5.652261488302714E-4
-5.003458891474552E-4
2.6163647343829214E-4
3.651349663976581E-4
-6.549354341320126E-5
-1.2334066212984156E-4
-2.798522994786483E-5
-1.8343945617242915E-4
-4.6345723087314225E-5
-2.351751871444579E-4
-4.630343450812809E-4
2.974631278234759E-4
4.3382933729029037E-4
-1.3388587347602584E-4
-6.141196793029813E-5
8.158963495428729E-5
-2.651251461571108E-4
-2.7205203423254774E-4
2.489063466296172E-4
1.3093871146776785E-4
4.486283370124732E-5
1.872838222941649E-4
4.895774539779692E-5
7.837295791860463E-5
1.5386413644896545E-5
-1.4588828400303582E-4
1.9463164536032685E-4
2.8449529699895696E-4
-1.9813300988114193E-4
-6.630408033600018E-5
3.2041580323209266E-4
4.404036853077957E-5
4.829790528987133E-5
9.294439585078112E-5
1.1065733649719727E-4
1.9722741611941485E-4
1.4247034979698498E-4
2.4209531989953437E-5
-6.0135458434616304E-5
5.064331979203957E-6
-8.514311448958456E-5
-1.648580705908751E-4
2.0254090714529512E-5
9.465799073745361E-5
2.166938286171391E-5
2.524175533199477E-4
7.601420099045729E-5
-1.2176381796688256E-4
-5.464825872787087E-5
-1.1888199609592638E-4
-6.624141802705114E-5
3.938586080096067E-5
-2.931762702019285E-5
2.5176210807255005E-5
1.273291992443578E-5
1.560852747695863E-4
1.5177597605725048E-4
-6.754050001427851E-4
-4.4390812062477424E-4
6.193572091652753E-4
3.7965234116233896E-4
-6.227136400061156E-4
-4.5406917074741955E-4
6.624472334310229E-4
3.51242849099512E-4
-7.745767170257361E-5
-7.960368945347682E-5
4.5409401899278606E-5
3.276301991967181E-5
9.186976184152769E-5
1.158140800896572E-4
-2.8186488093241586E-5
-2.494305696753206E-4
-3.886952005544995E-4
-1.669868816198421E-4
5.3957841230080257E-5
-4.781708963495189E-5
-7.667379119202756E-5
6.724116206627114E-5

