Bille
x
-0.48977287666056096
-0.48944311442439936
-0.48955303516978654
-0.49021255964210975
-0.48889351069746345
-0.48823398622514025
-0.48669509578971953
-0.48504628460891164
-0.48350739417349087
-0.4821883452288446
-0.47713199094103365
-0.47416413081557945
-0.4695474595093173
-0.4638315807491832
-0.4593248301883083
-0.45031132906655835
-0.4442656880702627
-0.4370109188747079
-0.42977943150369685
-0.4216274556948105
-0.41239584160115594
-0.4034109934965442
-0.39362571792546514
-0.38298421530893934
-0.3714615658550559
-0.35923584375912887
-0.3465556752332903
-0.3334822410346154
-0.3195971203203573
-0.304677457474037
-0.2894636081734992
-0.2730264612948464
-0.2567647562499322
-0.23884798501411486
-0.2208624730931384
-0.20291746246684017
-0.1840235158098027
-0.16511869197739526
-0.14500386564713186
-0.12512962719804432
-0.1054029516734244
-0.08315938048074167
-0.06329002662341388
-0.042190603108674174
-0.02108569586628828
0.02302006566415582
0.04493199966335526
0.0670393300851907
0.08903605017738658
0.11051693263098805
0.13114910920392497
0.1505579802160748
0.1685064047686513
0.18636167232189427
0.20263023835027383
0.2174241256446201
0.23159859980359365
0.2455540088400915
0.25815911998531504
0.26953215685127263
0.28059496132696937
0.2909880809151727
0.30050012747108645
0.30885071042773204
0.31664932528388634
0.3229237441418086
0.32876511895517024
0.33382684428316634
0.33769039524379363
0.3408767229924975
0.3428540649620214
0.3444336085195133
0.34507987462367995
0.34511489911219007
0.34405950286525055
0.34224549191919584
0.3396236249770356
0.3363078792731845
0.33237008019098735
0.327225131399694
0.3217413737677842
0.3153494311286219
0.3085450351559137
0.30074779247984185
0.2925162491903217
0.2839159082967486
0.27454004200259263
0.26462063360431975
0.25416511100885497
0.24331827278921725
0.23258829900045586
0.2214156419736677
0.2102292771946097
0.19894850824761345
0.18773233989249605
0.17629960825617164
0.16490202361127682
0.15357068747281877
0.14211087736038097
0.13026341925476514
0.11839794682252458
0.10595199737640437
0.0932416088084399
0.0806766267383986
0.06743240449474697
0.05399817118297878
0.04029524192662193
0.026798583839371504
0.013237250444698367
-8.473370948403058E-5
-0.013474374604886985
-0.026678045275139617
-0.039319558999435844
-0.051792183712048634
-0.0642246929763447
-0.07632020297830167
-0.0882916762604743
-0.09939549924297753
-0.1106614025597017
-0.12186871060606597
-0.13170986884491187
-0.14157963902025705
-0.15106731285953767
-0.16021497960603526
-0.16872084680916422
-0.1764820380458143
-0.18412316806253493
-0.19147796399431394
-0.1981549880447011
-0.2043697168176442
-0.21026936413283193
-0.21495337659602537
-0.2192808302047103
-0.22349108454588074
-0.22739242314721553
-0.2305375394493085
-0.2329586668456345
-0.23497113705866896
-0.23642835856422995
-0.23730556795030505
-0.23793353623942004
-0.23808601054070183
-0.23750070270825396
-0.23664265737458523
-0.23559688242667248
-0.23428276731484293
-0.23241398133499486
-0.2304585965751188
-0.2280489695982178
-0.224373149164306
-0.22163054489774336
-0.21771201505198562
-0.21311939847245776
-0.20817400890296728
-0.20304312509118683
-0.19726582934116077
-0.19126815625456423
-0.18508802593618412
-0.17772238587071654
-0.17083797426452896
-0.1634728781353214
-0.15499732457145143
-0.14646309746703312
-0.1385274417643756
-0.12915696110985087
-0.11967711814301629
-0.11055024344676523
-0.10078959199816473
-0.09045522509615567
-0.07955379665393114
-0.06868971428281834
-0.05810377122459953
-0.047002785629064125
-0.03598331454962245
-0.02469497289130851
-0.013040039086778088
-0.0011519432413239494
0.010511803297456601
0.022529382897922168
0.03446983116970215
0.04608209094747506
0.05768694289840692
0.06960104625455643
0.08049663565323606
0.091733732269488
0.10222083478059463
0.11253834604822943
0.12249471438318438
0.13153025320441525
0.14050758857434498
0.1491855234041637
0.1569553275900607
0.16420760556752434
0.17151273655553245
0.17827914938342238
0.18412414461015703
0.18991361279943542
0.19452963115434363
0.1994538250978649
0.20376839192327667
0.20770582906848678
0.21088229345848764
0.21353986840604666
0.21613582667511222
0.21776046503738467
0.21903204667619225
0.22002805410524973
0.22038772951666818
0.22033018130989068
0.22001444811368132
0.2190554316077079
0.21783261352624061
0.21646465764474232
0.2148304248090398
0.21255926335248043
0.2102758426116459
0.20752930075327225
0.20407203159644005
0.20080108732791824
0.19716697739485123
0.19292406645100513
0.18833839209062353
0.18347520281053697
0.17817883974867044
0.17278084346045763
0.1667034048331154
0.1605217430125605
0.15361866158506732
0.14673478501897264
0.13872485089173392
0.13087572178361162
0.12262296529516392
0.11385939995297645
0.10499459879634532
0.09524703359439046
0.08519497658353758
0.07555243837303471
0.06537745823700492
0.0547065219112407
0.04429447307023637
0.03356328832104283
0.02294499161025232
0.012141814822612007
0.0017002024813795868
-0.009035282754934815
-0.019078907987267413
-0.02942387217190956
-0.03931049689783539
-0.04928724186007594
-0.05908846571044535
-0.06811991713167531
-0.07756097497912429
-0.08668174504773762
-0.09541270876057373
-0.10413852738554918
-0.11196121546701798
-0.12006919324303233
-0.1274174307010515
-0.13415926300222059
-0.1405705761709095
-0.14674155411049894
-0.15296108023029142
-0.15866657455463185
-0.16378597988923183
-0.16875880524686104
-0.17278657690528954
-0.176764960424444
-0.1799581221228822
-0.1832112797800174
-0.18599374303901872
-0.1883364381054955
-0.19038502903436233
-0.191901491734926
-0.193277535781466
-0.1940503392979585
-0.19444840098723482
-0.19500088077908878
-0.19499150043336588
-0.19474676071183067
-0.1937117693730943
-0.19245407532400705
-0.190951985866038
-0.1888038766259057
-0.1863804988547325
-0.18381945785239773
-0.18074539109112897
-0.1769416740060814
-0.17287694795456532
-0.16899690965434755
-0.16384996933027784
-0.15857258123966156
-0.15339871420542583
-0.1474929604861599
-0.14109085465585525
-0.1345714659922569
-0.12776192895464034
-0.1206454345835466
-0.11310015952929975
-0.10578972484691906
-0.09742073489221204
-0.08902425973846562
-0.08070414192933029
-0.07182402083293304
-0.06303717783515494
-0.05350597834288384
-0.044129581613446156
-0.034928906759818745
-0.025172945965618143
-0.015326758301842158
-0.005604411635215079
0.004491627318402469
0.014330832487596479
0.02446576835110681
0.034557615031334143
0.04444417613794183
0.05417860178004685
0.06410214810814896
0.0733792249000621
0.0827467064887425
0.09174489291254373
0.10020331308161379
0.10849343655733135
0.1165612968719365
0.12394083072944384
0.13131218210143847
0.13812788469981785
0.1445174005768436
0.1505704832198258
0.15603261407099545
0.16102968073952983
0.16579868637479955
0.17031374099068353
0.17404132313066356
0.17770629377784186
0.18114415488213131
0.18355941890889305
0.1859702081037713
0.1878211054513632
0.18947387125901904
0.19068665494304693
0.19122397265432223
0.19163337364922273
0.191630316867899
0.1915452173289527
0.19124619363477657
0.190652492098902
0.18913246382352056
0.18746495758020132
0.18542147592829616
0.1828943538931166
0.180298462453228
0.17737937365821088
0.17369087648318238
0.16973902442633737
0.16556843125012122
0.16121888270667095
0.1562966439957607
0.1511619848348843
0.14516863966018378
0.13908315125376114
0.13274552366755943
0.1256946307684068
0.11871950097034878
0.1112696313342525
0.10339763662655832
0.09523471940619987
0.0868721269094761
0.07837238416299686
0.0691930600449171
0.06012447208102811
0.05059736434916218
0.04114508588520627
0.03161011747963327
0.022324154667992757
0.012786159905302297
0.00318663450597767
-0.006049086199260367
-0.015509823558329527
-0.02476890976739876
-0.03373977709950893
-0.04243314029922751
-0.051222324136898534
-0.059514707798287825
-0.06797795660755845
-0.07618067471391377
-0.08377914857395508
-0.09189203749507713
-0.09946134059729683
-0.10604512411062383
-0.1133460424905326
-0.11971819523643423
-0.12601115010817276
-0.1316810241977665
-0.13700460922368907
-0.1421737371460109
-0.14717463179260637
-0.15153720083904243
-0.1553122781102061
-0.15911635289106418
-0.16252622327047428
-0.16551981954887007
-0.1678920136824107
-0.17011121253187622
-0.17174804682549005
-0.17313968796597812
-0.1740242079438925
-0.17453854040486128
-0.17466412017818922
-0.17460858440071536
-0.17422417146803792
-0.17336031395875717
-0.1720391419321925
-0.17066929497439054
-0.16851118999662218
-0.16594329860675128
-0.16325341456230846
-0.160368110000092
-0.157116871642483
-0.1530590109155725
-0.14871994041788283
-0.1445661319856878
-0.13954019398981954
-0.13462916162766503
-0.12896191217112385
-0.12353358049647822
-0.11739180863758403
-0.11111228642506332
-0.10429450774060067
-0.09721771119453881
-0.09020228865122981
-0.08268678173011568
-0.07510747711666221
-0.06709079781986993
-0.05855663206246975
-0.050782788020344416
-0.042102063939942425
-0.033581787830451515
-0.025235445636110687
-0.016150453002911513
-0.007312762452738375
0.0014898045033966412
0.010380737873569412
0.019358224561568993
0.02839691120410881
0.037302662341317516
0.04632009091712774
0.055009609989505326
0.06352806462607219
0.07212190181222033
0.08008838092405413
0.08786482517549354
0.09584629085861984
0.10296714727614176
0.10991267255997506
0.11667727395658545
0.12301476845036063
0.12902227735958038
0.13453869323865397
0.13957283368326834
0.14460052347798213
0.14871878649383952
0.15291596328158819
0.15688917998330953
0.15994242296468397
0.16311539053573387
0.165953512414159
0.16820165250431796
0.16982763077708563
0.1712922994923446
0.17233008335502198
0.17322841268442613
0.17388134192784743
0.17406000944543976
0.1741346560594057
0.17378056067410808
0.1728480076247123
0.17159345237232015
0.16979720379938457
0.16822794000914254
0.16582476289778814
0.16304948602812208
0.16023282424908702
0.1566989106427944
0.153023611804724
0.14891931491130428
0.14443173813283805
0.13983831345880327
0.13482670899494253
0.1292008224046568
0.1233873632981124
0.1170807652238216
0.11094260570291314
0.10389942807801889
0.0967954654287041
0.08901655990808732
0.08149166583965495
0.0734736379605756
0.06571079994460116
0.057365774876476094
0.048662570893081236
0.04018148166915214
0.03144249103433816
0.022687208271840675
0.01386660864212752
0.005157942157974493
-0.003520176668674879
-0.01177897513684456
-0.02044244570535536
-0.028827114438797263
-0.03683403320781675
-0.04517484137943262
-0.05264852181200108
-0.06010102245688065
-0.06783654190338861
-0.0751361826743393
-0.08198523961745752
-0.08911817541180189
-0.09614512895851302
-0.10219973925481896
-0.10850477510336065
-0.11432338399864517
-0.11983905419264873
-0.12483530117046227
-0.12968880022162077
-0.13422296370715436
-0.1385163851958916
-0.14199335606087105
-0.1458053070266675
-0.1491191345644226
-0.15179132091771574
-0.1541907666976301
-0.15646206798666018
-0.158288357692138
-0.16004921080769896
-0.1611829759691188
-0.16184863890408796
-0.16251843969626012
-0.1627852591048896
-0.1627308351014085
-0.16219487334844518
-0.1614311073646708
-0.16028486790756769
-0.15905617270673045
-0.157161072225514
-0.15485493903456604
-0.15248442880516044
-0.1496719449923134
-0.1466242407562096
-0.14294996497717793
-0.1391111208778355
-0.13501987233359614
-0.13055868968300322
-0.12563877078037589
-0.12104511822456554
-0.11547080487353223
-0.10976325452554625
-0.10400314091737639
-0.0977367290805734
-0.09109730145944694
-0.08447644376855257
-0.07722843598212836
-0.07025922262411743
-0.0630678380803773
-0.05559843291482003
-0.04801307982088732
-0.040314114267314904
-0.032249852289321757
-0.024276518161531313
-0.01611142394768239
-0.007879456994865808
5.466218889931262E-4
0.008996508906987888
0.01741379097990936
0.02568862980888653
0.0341627598790446
0.04225121763263273
0.050368002652484645
0.05853149450324857
0.06629608040404822
0.07390153382771603
0.0812873953911123
0.0885891444463397
0.09540167362394703
0.10206940648117258
0.10825780398383988
0.11441543321155723
0.1200397590715464
0.12506526820314545
0.13018664360402243
0.13457433123882367
0.1389238734758298
0.14277767785012163
0.14601429178105607
0.14935962551562332
0.15186416220998356
0.15438277534527423
0.15652128496813555
0.1585095906205365
0.1598338080268482
0.16110730064526735
0.16174424808372345
0.16233807603453287
0.16239806055146166
0.1623626166695875
0.16180309330007092
0.16082008059277297
0.15943432774599842
0.1580005443996304
0.1562004769016403
0.1538205304651341
0.15122557943857862
0.14815640761702797
0.14507134554623546
0.141491700460329
0.13740186359385076
0.13299020260665018
0.1284291606534732
0.12311477145291194
0.11816235467792024
0.11266500723565143
0.10653129795648508
0.10033282297712354
0.09342899831674689
0.08706695277426002
0.07975497874005
0.07269753711980775
0.06523765820690042
0.05765367561945778
0.05000644763192452
0.04174970219594443
0.03384609724525178
0.025761118408479167
0.01759973082395272
0.009391803844557733
0.0014457785701958992
-0.0064247790274808425
-0.014431257570548195
-0.02232576032452882
-0.029712582934364407
-0.037198555557180435
-0.044616078613492816
-0.051638694815892006
-0.058750389109337164
-0.06558351035956833
-0.07295465098516074
-0.07937937594111821
-0.08566961418128449
-0.09176277711842085
-0.09799340241644905
-0.10311622028090994
-0.10840864689580787
-0.11346144004596259
-0.11802776586314401
-0.12267103518158529
-0.12677474990955273
-0.13046588451858465
-0.13408752568416948
-0.13709994950318627
-0.13981546259677669
-0.1423280362472481
-0.14443956453554296
-0.14672324475854437
-0.14788636564829072
-0.14920504583687666
-0.15013692540446688
-0.15072120832068348
-0.15091310044701833
-0.15076015094899686
-0.15038798219440996
-0.14991470597538625
-0.1488858962721552
-0.1477908268107826
-0.14631386563000548
-0.14423499424740238
-0.14176613534243898
-0.13914154175738902
-0.13625043848655116
-0.1331135616557465
-0.12941907342073777
-0.12559219803529476
-0.12172451340071233
-0.1172800710277172
-0.11238652985810738
-0.10759603298811204
-0.10236023177377152
-0.09687563071871608
-0.0906639699473879
-0.0849386554460394
-0.07888203181389974
-0.07234817016930517
-0.06532838412926756
-0.058646185457157496
-0.051600974585416126
-0.04464184783641789
-0.03719288607863225
-0.030206486360322415
-0.022627662190112474
-0.015364492532175644
-0.007543581666111021
2.4672114104373755E-4
0.00787199955427964
0.015609164219477556
0.023599370053177138
0.03140519414988674
0.0387888076628079
0.0464464892205817
0.053764653408978735
0.06112289651538827
0.0679342372158045
0.07502113287622614
0.08171584300903068
0.08780676810241805
0.09385631454354837
0.0999909479023039
0.10563976939582986
0.11115833120653795
0.11627134011052387
0.12079092347354392
0.12502081217691197
0.1292354692251565
0.1330385580950747
0.13628054505036702
0.1393494115325543
0.14189663180739065
0.14436543065449026
0.14609110530091118
0.14753929812287359
0.14879289707365684
0.1495757791790141
0.14994597963744516
0.1501216523512222
0.15003414379057523
0.14964938261680838
0.14881519303935864
0.14748965682102977
0.14636982916846408
0.14448032142346434
0.14234864985106221
0.13991695246284996
0.13686603119577778
0.13373766120519892
0.13013605452032295
0.12636733633579644
0.12203629449658704
0.1176155266357719
0.11260052807773946
0.10768650006115243
0.1023415402383987
0.09632282218968347
0.0903319741171269
0.08429034087716614
0.07793808949100467
0.07122976103759682
0.0642292601999126
0.0572429340490177
0.04984416272893577
0.04274107343381617
0.03539850050907889
0.028079606102280774
0.020605815471223643
0.012977207561270743
0.00549915865412387
-0.0018654597637535186
-0.009180369993941118
-0.016799167144987526
-0.02365100254721897
-0.03086615406590365
-0.037939104721609884
-0.04476201730336171
-0.05100433358000722
-0.05762002915595188
-0.06401124366136202
-0.0704524885908312
-0.07646275800902647
-0.08212158512663681
-0.08787593323928011
-0.09318339356090277
-0.09819246217145683
-0.10293956482494293
-0.10766992794905994
-0.1119170035032484
-0.11560680350052377
-0.1192455375523267
-0.12297194974421588
-0.12594128199858556
-0.12865463492308638
-0.1311182021417704
-0.1334884087134578
-0.13534841227238315
-0.13685062160305383
-0.1379959296304648
-0.13892255145662014
-0.13958969285773615
-0.13974115798273867
-0.13968523479918715
-0.13962404398224526
-0.13877248547928744
-0.13765810444274196
-0.13649581294335011
-0.13490919091382525
-0.13314968387791648
-0.1307654685207369
-0.12835313752411937
-0.12550457176188778
-0.1224664746909474
-0.11921079102699583
-0.11541851301687367
-0.1114613006941838
-0.10728426264327584
-0.10248565357514361
-0.09790170157139522
-0.09290488449158107
-0.08747755908961907
-0.0820820722775899
-0.07608267371770827
-0.07052786846310966
-0.06405560549894251
-0.057752856091210614
-0.05122275998543924
-0.04494867353975118
-0.03846014180724977
-0.03162556824991669
-0.02452582325273689
-0.01784354887578976
-0.010366521609554757
-0.003517385608712509
0.003765562567524583
0.01084658875898814
0.018379091504387324
0.025554143576556165
0.03274923360422877
0.039608940282505056
0.04664336743877784
0.0535224823285535
0.06031298057703616
0.06663620028782624
0.07313459627254937
0.0790545775261815
0.08487439003030872
0.09057703636395176
0.09575340153057998
0.10083656600490454
0.10584075697946826
0.11021723127015104
0.11455293456393412
0.11841822763572685
0.12173449347476695
0.12517010288362818
0.12809231461821202
0.13090468310834735
0.13330818241345144
0.13503355621398416
0.1365014831950664
0.13819687018121574
0.13884728367671895
0.13941394047499156
0.13958988786807358
0.13939573982423137
0.1392153568155059
0.13832123082626369
0.13752981450527235
0.13604774748771675
0.13430454789758117
0.13216168264856842
0.12974854225984433
0.1269192034615806
0.12347838136697464
0.12033512479997444
0.11695994468235538
0.11266504796849952
0.10843140578425825
0.10395994807766284
0.0989538089372507
0.09386178644045706
0.08889547061515701
0.08329729399533348
0.07729120564707115
0.07134270518016161
0.06513532322991
0.058849830110826895
0.05233436058725838
0.04535040955190106
0.038628155269873066
0.03189471837968072
0.024828930887691003
0.017850538829535467
0.01077704036029814
0.003913621296518954
-0.003128482782483122
-0.00978730821476781
-0.016820918304018107
-0.023273114179753307
-0.03012057541971891
-0.03651158656318454
-0.042886042795957535
-0.0490180700048064
-0.05515870756038843
-0.06119720730178191
-0.06691412476560599
-0.07263748866757547
-0.0777599826696499
-0.0829684919389766
-0.08791557175657039
-0.09264201405605033
-0.09735662080495977
-0.10121569161092792
-0.10503097883263801
-0.10876529254616818
-0.11227421721709241
-0.1154184170051018
-0.11843235218659609
-0.12118454722425298
-0.12352699005336232
-0.12525298349730973
-0.1269270104889494
-0.12820827020366932
-0.12932563622366422
-0.13008478956205183
-0.13052645918414296
-0.13081289136342888
-0.13076034694498184
-0.13041370672485397
-0.12972096200178052
-0.12860067036850364
-0.12726269910924504
-0.12562716505581129
-0.1238033470779113
-0.12174717165642968
-0.1191180686277371
-0.11626652186238728
-0.11322378255696985
-0.10990579265784373
-0.10639966471098905
-0.10240732267025876
-0.09855971108126793
-0.094201003490337
-0.089576658509261
-0.08493829371617168
-0.08001900105217763
-0.07469792621172389
-0.06920891899666759
-0.06339305942298734
-0.05774734054391706
-0.05167417746001335
-0.0460168289138464
-0.03985517902825808
-0.03353445920441689
-0.02716191560427017
-0.020805961199813816
-0.014423650839929247
-0.007380619635176333
-0.0010477702553999269
0.005655374020446469
0.012498997590278393
0.019333911198510134
0.026076942992268926
0.03285028595695272
0.03922411559435046
0.04568632346788126
0.0521607959061724
0.058333309667170985
0.06440586002846516
0.06997006080450119
0.0757537698840538
0.08123835996055917
0.08618358420461814
0.09108142935727581
0.09549485192725282
0.10008102209915737
0.10428722079254815
0.10831633974034083
0.11193914206163469
0.11515465054974727
0.11827121634956161
0.12081156581637331
0.12269544679778499
0.12487567744294392
0.12682546019500585
0.12829304090703653
0.1294417880754395
0.13033539422533758
0.1306847239295249
0.13075390940545795
0.13068309955078594
0.13023242693272952
0.12946172001645395
0.12835678585036414
0.12687678106295264
0.125084691758785
0.12315094314959318
0.12090820259152968
0.1183506980866793
0.1154895012353151
0.11212323911591404
0.10881593690271296
0.10507641586767091
0.10097281314552398
0.09661301619004159
0.09190655878924825
0.08731003504862367
0.08220566242093974
0.07698498480277305
0.07149222156093171
0.06560242886431666
0.06013030023883981
0.05415745692176244
0.047899806239755316
0.04174972672110899
0.03543233175781868
0.029261867020483945
0.02285332476571922
0.016352052481490742
0.009563164485376197
0.00319487451174838
-0.003330504628736519
-0.009619334305907778
-0.016148283896584847
-0.022231800094351883
-0.028465893070463766
-0.03440898027717976
-0.0406073608294516
-0.04643234549562292
-0.051604856921768194
-0.05701124480177788
-0.06218251142115572
-0.06779033911531518
-0.07279376674539584
-0.07722381997448191
-0.08181985988100848
-0.08606764114369592
-0.09016187767111128
-0.0942937207985084
-0.09812426106047634
-0.10120228092466765
-0.10436395807469911
-0.10715950212092495
-0.10982830770029994
-0.11223430329042283
-0.11451451683451441
-0.11604888935216762
-0.11784398828819098
-0.11941054077282087
-0.12017390465423883
-0.12120311261212224
-0.12143639142940532
-0.12171103952138929
-0.12170320934124101
-0.12138875306731034
-0.1206569513318112
-0.1196247208130019
-0.11828116384289844
-0.11651075428722857
-0.11492216721987636
-0.11305567795891258
-0.11082416189580069
-0.10812026101445193
-0.10542171374096909
-0.10226833756995435
-0.09600968264484122
-0.08827498234544906
-0.08404178268825635
-0.07940840778688107
-0.07457439148461831
-0.07023130971504299
-0.0650171228393035
-0.05980206694536161
-0.05463567655312884
-0.049028077228388756
-0.043491009665012625
-0.03781495031191495
-0.032113955278914696
-0.026133816526469178
-0.0202144691453906
-0.014228568636520111
-0.007888799445002537
-0.0018483507167930124
0.0043829070786283175
0.010593319217152453
0.017012813713797037
0.023296717455993265
0.02939408632952001
0.03551826807727787
0.0415128091105863
0.047351865064263476
0.05306078252396784
0.05882123308172815
0.06406641332561369
0.06922882069862168
0.07449290894282745
0.0794097906764536
0.08414351414849275
0.08830020511891501
0.09228719104394689
0.09593996084377387
0.09993803507402221
0.10333525834771651
0.10651113040989202
0.10935291652336765
0.1119940911723234
0.1142422893004762
0.11630260059110775
0.11802660290431377
0.11948458440356069
0.12058058337720601
0.12134112279228737
0.12170588046731279
0.12186058579486025
0.12190474707859866
0.12171418573335835
0.12094538714198877
0.12015341095086507
0.11865724125600485
0.11729855704717917
0.11526285225583499
0.11295091362697374
0.11069835007446538
0.1083301132674861
0.10514507517792282
0.10203072890191744
0.09833847875042012
0.09463012884685407
0.09089521406801171
0.08663504311928927
0.0821703303057234
0.07731084829528267
0.07259441083034646
0.06720804143087111
0.06243074752281996
0.056838973662187486
0.05135621308816474
0.04546643034693709
0.039709161263155934
0.033903227668149793
0.028022187388434205
0.022113506924709148
0.01589889982095316
0.009604515364844746
0.0037285671276805488
-0.0022505103344091504
-0.008044303597329105
-0.014042638626170723
-0.02004218783553824
-0.025511833278901497
-0.031040692728147468
-0.04197884431771637
-0.04734810375388521
-0.052088191753227764
-0.0570574548145284
-0.06188120096350769
-0.06693709979854257
-0.07129273706015649
-0.07542844751473177
-0.07943558463504996
-0.0834397816788579
-0.08693301429769895
-0.09013964774527405
-0.09361140327748119
-0.09673825533553204
-0.09922074860900965
-0.1017265029275709
-0.10381777595639363
-0.10583968338094907
-0.10731653948983721
-0.10876676209300717
-0.10993897490704163
-0.11107469108559098
-0.1117415108318971
-0.112243579339803
-0.11240833479989609
-0.11238886813484361
-0.11238294641271229
-0.11188087099399469
-0.11112629372247762
-0.1101908120829087
-0.10917338857464387
-0.10776504881596194
-0.10622421768113077
-0.10437746930452763
-0.10211277239569194
-0.0998605876653208
-0.09752783533773857
-0.09448158513312321
-0.09132024393369476
-0.0881250735001522
-0.08448239722286055
-0.0807296307591141
-0.0768198240860597
-0.07298692684000985
-0.06842750058689573
-0.06367530703231894
-0.05934455661213223
-0.05457605364340612
-0.04949174708486992
-0.044632752714570345
-0.03956581654813929
-0.034049109273170064
-0.028872354002371203
-0.023255106272293435
-0.018000103948346946
-0.012060396190504696
-0.00618352854400428
-8.572160429632936E-4
0.005058307046588162
0.010662272194013944
0.016759790797228225
0.02259036840273032
0.02820924809457115
0.03386628893332788
0.03924930918461911
0.04466817432510717
0.04999210818349531
0.05537566884277878
0.06042509123114226
0.0648937070264316
0.06976133419749009
0.07429235593889694
0.07847519741147924
0.08265524382345069
0.08652290371048965
0.0902232723208165
0.09317058361790698
0.09627952149386909
0.0993118976662779
0.10204638503967267
0.10424838136178449
0.10630825173457947
0.10800827889191622
0.10959135958190935
0.11074331217839706
0.11174287168683439
0.112255725333412
0.11265558804919351
0.1127026444114666
0.11267533107385608
0.11249018066062488
0.11190291688319831
0.11109193728635414
0.11008245196845401
0.10851209691934549
0.10698331075398582
0.10485889537208803
0.10282793143308178
0.10026828047811698
0.0973622677093875
0.09415671551194604
0.09149340258467686
0.08798490424693017
0.08424373542993124
0.08023375296125956
0.07630387060508881
0.07191407099582492
0.06717970547236085
0.06285693041034324
0.05792667361319881
0.053034264786148255
0.04783475822085603
0.04268393589125263
0.03706307149182486
0.03182469119852738
0.026303726534073535
0.02070668993311886
0.015108009802711209
0.009326478186621356
0.0038755771456172594
-0.0016342496124919226
-0.006909824755000238
-0.012350160313306158
-0.01820186202623597
-0.022945940635571205
-0.02842143404353692
-0.03335294586615756
-0.038418494156890026
-0.043366586699447596
-0.048227870828051245
-0.052723870402045514
-0.057017607361581235
-0.06135829477984489
-0.06560726567895037
-0.06962515621699938
-0.07327037438058293
-0.07691508461211483
-0.08025810443949677
-0.08340195149026053
-0.08630109595088975
-0.08909425821662953
-0.09174327053889109
-0.09421798596677744
-0.09636374813998694
-0.09804050174475543
-0.09948656096850517
-0.10067760520130142
-0.10176627013221207
-0.10242785070795013
-0.10307090831595267
-0.10319908087586427
-0.1031635770438577
-0.10303756499523564
-0.10241421687429364
-0.10180981025561298
-0.10068905934798056
-0.09943582146104213
-0.09812652319509507
-0.09638331184679594
-0.09433405865612643
-0.09194477610265794
-0.089384603889609
-0.08684153035886322
-0.08401072964407852
-0.08070596281301046
-0.07731398381891108
-0.07393233569596247
-0.07029292637161078
-0.06641386857251197
-0.06214755195673871
-0.05791858617428769
-0.053606316055568315
-0.04904741509723565
-0.044564574706401405
-0.039932666673879624
-0.034845038277007356
-0.029968578046951078
-0.02476104898469722
-0.019764653654329778
-0.014697992256551107
-0.009192633990584675
-0.004009110460820753
0.0011615800136598464
0.0066986000845042915
0.011886158100985034
0.01750652417647902
0.02288210664090118
0.028149685109299494
0.03341228632478366
0.03839197014333762
0.04347670286287253
0.048460313046571946
0.05339506851249354
0.0580639100355298
0.0623513370865072
0.06655326544275231
0.07052406273241274
0.07462674050657958
0.07833974292010115
0.08205613684204704
0.08527426510126779
0.0883145077368358
0.09095892278439299
0.09353684204469648
0.09579353571832905
0.09762911542536701
0.09960157554950988
0.10113645828690054
0.10242150194315969
0.10342775980857466
0.10397919084478335
0.10443075510842392
0.10454176244827318
0.10455962712200495
0.10397625574032965
0.10336922790623648
0.10244599999495263
0.10119250564461046
0.09953754527141323
0.09763212364264573
0.09572273697281741
0.09349549803315327
0.0908922679699562
0.08830400613995404
0.0852962884415891
0.0821219687203325
0.07851282252644343
0.07492769909249375
0.07093431261473493
0.06679327837354132
0.06295994333941135
0.058492507047415376
0.054058316923376704
0.04927809788261195
0.0446247513771314
0.03960426510748605
0.03483217089681978
0.029907875395845496
0.024928894495277687
0.01980228977284859
0.014535730188152685
0.009227071821383825
0.004088099196208894
-0.0010681481449377195
-0.005978627611259779
-0.011056511085784537
-0.016335480049300855
-0.020985587912515147
-0.025956432781363392
-0.030540943787793484
-0.03506127415101512
-0.03968739908360963
-0.04414168654322348
-0.048200577946219236
-0.05237292460049825
-0.056021725778946596
-0.05979248026035289
-0.06339325798028306
-0.06699648668836233
-0.07063775167802355
-0.07339188236734273
-0.07635790857244262
-0.07909880838804717
-0.08162438226016733
-0.08380932366909744
-0.08605427541983268
-0.08769035745350329
-0.08948941631892293
-0.0911272877454593
-0.09229338742685855
-0.0935536545126463
-0.09416943764316821
-0.09449278785610993
-0.09476247994941733
-0.09485894130203576
-0.09468346182342813
-0.09427200638508648
-0.09364975243659379
-0.09253239910092792
-0.09136732597286701
-0.08972600850135148
-0.08806423019338794
-0.08631418044669903
-0.08419734135949575
-0.08212478241294308
-0.07954483141308077
-0.07692128716022695
-0.07395476505875498
-0.07122296820630059
-0.06799047715467343
-0.06453926572217106
-0.06084660150490995
-0.05708766929835296
-0.05332653675625865
-0.04928621928298582
-0.04537787998128506
-0.04134312565636378
-0.036636463088177695
-0.032129145696790484
-0.02781099611152915
-0.02287871903666272
-0.018512129608197814
-0.013679275586904516
-0.0087329454321875
-0.003861879358529108
9.605020914164042E-4
0.005930796540095984
0.010700461292112662
0.01569707811704768
0.02069433783640162
0.025610329977168833
0.030349368354634088
0.03513083713523635
0.03943397419051786
0.044112013733823896
0.04833408234573244
0.052905677003900364
0.056795946485276416
0.060790460305642724
0.06448609337356714
0.06787104852536485
0.07158763937734758
0.07494507655977889
0.07785054171639838
0.08050669117521425
0.08322808098212497
0.0878877509552134
0.0898960592917164
0.09144579563542554
0.09279541907022115
0.09390190488857664
0.09460819903160911
0.09544575467040595
0.09569160827117473
0.0957650749134622
0.09579391848109375
0.0956200168522654
0.09502028707340837
0.09448972618978735
0.09314992429361846
0.09186741821258804
0.09018799710036907
0.08836602351044964
0.08630261715270848
0.08390230577398827
0.08152659422255171
0.07853620000671102
0.07570829758939546
0.07241614325382673
0.06904760504814389
0.0655983436221137
0.062056552554760946
0.058413824357885114
0.05433505026855212
0.04998726078340254
0.045852621603970745
0.04133481556598395
0.03691233822144224
0.03249505332497038
0.027838341502392727
0.023277556684943246
0.018536208363305606
0.013730110442455201
0.008851099336945611
0.004259377927835928
-3.6036105546777275E-4
-0.005069543777368235
-0.009631505434778864
-0.014416356710164058
-0.01886005870121077
-0.023160832451635804
-0.027639780842154793
-0.03173285922614011
-0.035923508162999385
-0.04020391013830604
-0.04404728155900439
-0.04769504639859368
-0.051425424895314986
-0.05477921075987491
-0.05814670699662261
-0.061423116911323516
-0.0645302782119681
-0.06759901111406752
-0.07035913738722332
-0.07271669420108562
-0.07500543656762393
-0.0769948499238895
-0.07896732543693996
-0.08074984194248802
-0.08228406799989096
-0.08371348494756758
-0.08485396389147781
-0.0857820737079299
-0.08653669990482615
-0.08691306545936317
-0.0871415106645006
-0.08720836704180457
-0.08701393743417185
-0.08668875635437023
-0.08621517487754526
-0.08544318192665767
-0.08440769035483442
-0.08331168304028491
-0.08198440879477065
-0.08049407635129702
-0.07876737358277663
-0.0767884458077196
-0.07466371579295583
-0.07252421209870497
-0.07019146438661328
-0.0674822181826693
-0.06444871208739245
-0.0614386584806732
-0.05826483742478017
-0.0549754152659474
-0.051562413329570345
-0.04804060768791929
-0.044520576482915186
-0.04060797341420319
-0.03668433340813104
-0.03261354386000881
-0.028618140783758905
-0.02429767951021944
-0.020084064819442804
-0.015963845705784685
-0.011272957659010374
-0.00675661130910854
-0.002320140980959451
0.0019272878289150475
0.006534707991531996
0.010869461912876188
0.015516183789461513
0.020117551746810847
0.024474021420449188
0.02880859641777267
0.03309300047576391
0.037284012436731184
0.04122716382173641
0.04513704046343259
0.049077635440035405
0.05286627916584696
0.05657783001872574
0.060020597773230544
0.06305430376369381
0.06575612639757678
0.06876894506135467
0.07158665422311339
0.07419730420988624
0.07650040952637782
0.07865158634866143
0.08056726631490363
0.08211834582510391
0.08379331322719707
0.08507804144016207
0.08617547737518749
0.0869797553867886
0.08767545928219678
0.08821596585616509
0.08837178154631664
0.08837442244626781
0.08824570022489164
0.08758199595504901
0.08693708116007892
0.08600027122530363
0.0848799407042039
0.08335055606615804
0.081861852192603
0.07969820493945756
0.07780738163052381
0.07583817332150011
0.07349894097188558
0.07090561413496521
0.06776257956362464
0.06513041874625747
0.062376332622387176
0.059031891643630985
0.05553742789959781
0.05222432437421065
0.04836655969017145
0.044707783647947585
0.040715360955560054
0.03665691400766724
0.03289346996178821
0.02856778643316127
0.02449843248358452
0.020191513648592063
0.015764705048647243
0.011293202827620363
0.006919918816903903
0.002793518451675081
-0.0016530962011782613
-0.005628672214709751
-0.009849705674749187
-0.014268270744091871
-0.018283965462741913
-0.022192533304734474
-0.026415087698845596
-0.030229518371874597
-0.03404087047411786
-0.03780348658630084
-0.04151169075890693
-0.04504486339893199
-0.048107687513737285
-0.051291215818485614
-0.054484537991892346
-0.05721336190885651
-0.060038847695853104
-0.06261598079314723
-0.0651476906800793
-0.0675169922815615
-0.06990954610154954
-0.07175029083303586
-0.07331227149374431
-0.07462332407529126
-0.07586192219835919
-0.07703514846913795
-0.07815480743049019
-0.0786734458952546
-0.07940635911893124
-0.07964216214815312
-0.07967383228640357
-0.07958529915457624
-0.07947767185580668
-0.07928351052313454
-0.0787172928211114
-0.07815650328105106
-0.07725373093401078
-0.07592449826742154
-0.07465187974880272
-0.07326103210013113
-0.071918656623982
-0.07020294433039054
-0.06807526946967857
-0.0658809478911524
-0.06336507443336581
-0.060871801727501285
-0.058332370024722247
-0.05552440835969652
-0.052939247253449895
-0.049586022815524156
-0.04677172183799505
-0.0434106297848047
-0.039769372844740025
-0.03613875916705522
-0.032475452995650134
-0.028987574913843406
-0.025041598585397118
-0.021081821270017453
-0.017406918189821874
-0.013293611300509878
-0.009215753093112955
-0.005174651319791668
-0.0011394221383648206
0.0029053489837698177
0.006725718088970822
0.010861206732830753
0.015110756127624358
0.01926358695949726
0.02327320664272514
0.027165949162759162
0.031054455169684747
0.03492225661427617
0.0384214265803815
0.04208237074958587
0.04553338058768985
0.04897327034011523
0.05238345140127587
0.05519715110865275
0.05840036506847779
0.06115545484462115
0.06358734839206115
0.06585997258842613
0.06804413115415686
0.07026896476590405
0.07228164928349556
0.07399708007909078
0.07554275562843904
0.07675330196473218
0.07778482170561163
0.07865769148222923
0.07932763460613579
0.07965358803735711
0.08010517842047238
0.08026834059727472
0.08029361989451134
0.07991396874611911
0.07949847970670221
0.07896520766703397
0.07817049055432512
0.07720197674140672
0.07597434194331498
0.07471223318789788
0.07292636132356323
0.07103075368881451
0.06891675294784672
0.06672636670315502
0.06469014466637324
0.06235968294334682
0.05984159344746476
0.056881016743518975
0.05401145207263025
0.05110079165461312
0.04759078082858503
0.04425665783752297
0.04067046790229256
0.037237223467722735
0.033820431329551814
0.030019952771067837
0.026216222512920218
0.02248442570771525
0.01864380847149849
0.01459010965603147
0.01034144297128059
0.0064362120618063345
0.0026817144001159976
-0.001249443967094921
-0.004893818389800408
-0.008720264277783496
-0.012690462474090558
-0.016724950585117804
-0.020223623340203778
-0.023726666433197985
-0.027319901285852155
-0.030826459778348414
-0.03416966996143456
-0.037419159940336955
-0.040647408965620246
-0.043933137547877865
-0.04679524869034357
-0.04919289377230429
-0.05182752090530507
-0.05443331449002997
-0.0568006631822473
-0.05911625226466388
-0.061056734787392375
-0.06298455124198687
-0.06467844245821941
-0.06651041898351484
-0.06779839055128256
-0.06924991509666123
-0.07029805827333147
-0.07114514009398976
-0.07177476420160633
-0.07228056801345906
-0.07235898481309588
-0.07257653326055202
-0.0724953574072168
-0.07236237500109044
-0.0719033558247153
-0.07132558944861267
-0.07040100604881738
-0.06942627879937135
-0.06814960387500213
-0.06662026023931966
-0.06502471845119673
-0.06329385736030502
-0.06140441867604085
-0.059582102884113364
-0.0572041305365566
-0.054888405380069116
-0.05260740551416254
-0.04989885461545529
-0.04729031499875791
-0.04466866341508702
-0.04160801467137598
-0.03831792682022195
-0.035284879543731384
-0.03196539981400248
-0.02887836756917428
-0.025415905857865018
-0.02188315532646501
-0.01846583953810188
-0.014855837176442788
-0.010996987418312898
-0.007323479129568211
-0.0036154948875978254
-1.795643001800684E-5
0.003779449672324242
0.007479048378458475
0.011156194359920657
0.01879821308839591
0.022517307489077654
0.026019061318276915
0.02950802441372502
0.03301088758232573
0.03632326179067058
0.03929434907902374
0.04255065432415239
0.04552609285789544
0.048458467237829095
0.051286048325734024
0.053754752614784684
0.05612797334809738
0.05859443548747212
0.06082322295861997
0.0627173817514769
0.06455931404857962
0.06604293789901561
0.06735387640547308
0.06862762982590398
0.06984617134255156
0.07094140790246584
0.07182341787930147
0.07225634875936071
0.0726160201122229
0.07276680680428027
0.07291174913894072
0.07275357725408715
0.07240018727911379
0.07180433742207537
0.07097897264706221
0.069842708307287
0.06868457888683333
0.06726296760267692
0.06595275869486661
0.06464794830376464
0.06290771660740091
0.06112292882260428
0.05895821413336644
0.05678959342058376
0.054261832961563616
0.05176933708556164
0.049178506054776694
0.04626785161093361
0.043252069797141024
0.04002568538724072
0.03709183086439305
0.03393899307367132
0.030511775513373585
0.02721612499642534
0.023922554386877293
0.020294123178444923
0.01669373319977918
0.013135205861065757
0.009455273785070495
0.005887716931377351
0.0024648559524603764
-0.0011407074331676315
-0.004569160520429882
-0.008131663865868277
-0.011433229169250825
-0.015160723754692684
-0.01862486943944186
-0.021670291876995318
-0.024833971397587362
-0.028170919842545716
-0.031058104873573633
-0.03411157505398743
-0.037057533255210884
-0.03978809939301253
-0.04238482333369287
-0.04503622808383789
-0.047367353018568314
-0.04950559302385882
-0.05171511747508972
-0.05349668698105281
-0.055375298370431536
-0.057025088012869984
-0.05849624039734325
-0.0598941874489779
-0.061283793183893764
-0.06228099900378614
-0.06326017927337346
-0.06413180557697162
-0.0646716049597158
-0.06521904758533348
-0.06554308093650252
-0.06566611931851807
-0.06568956448433894
-0.06535068467452099
-0.06470916959091488
-0.06411712956284699
-0.06330354783315018
-0.06219781333534424
-0.06121094261948257
-0.060083508226969395
-0.05870568610228333
-0.057159943791313395
-0.05559784809111301
-0.05397356238904827
-0.05207914262288971
-0.04985913315205748
-0.047740048864941986
-0.04567391514031571
-0.04332095766834543
-0.040612037480418195
-0.0379898228396105
-0.03502431212021284
-0.03220365826013827
-0.029455014564577553
-0.026567200603415886
-0.02334583710007121
-0.020310217742889103
-0.017334835819820316
-0.01390893023637807
-0.010579173448090118
-0.007201467510960735
-0.003861828750620022
-5.854647061883655E-4
0.0028047303945215596
0.006201120806994531
0.009416667876051665
0.01278685730182616
0.01625960667645243
0.01955122401650866
0.02272326787977008
0.025811951193800975
0.028806321639147647
0.03193623652816058
0.03478380380654034
0.037453028162650726
0.0401181480187488
0.042977540887349175
0.0455142825617495
0.04783740363237021
0.05007864067215262
0.051956446328697226
0.05401330587492559
0.055745995431708106
0.05731019781816615
0.058858521586318324
0.06010675230618023
0.061115672148490674
0.06194013583937186
0.06265257772299915
0.06348979740955396
0.06381491590199018
0.06418227841667645
0.06430101369605812
0.0642796327348164
0.06425322714502268
0.0641545958830615
0.06359293451526671
0.06311236112850338
0.06237690275210417
0.06159457949635461
0.060633667946365266
0.05953273728022712
0.05840255207678868
0.05691085653331185
0.055401315067923895
0.05349090396506451
0.0516539319425916
0.04961606627954118
0.047495254991303026
0.04518641658284628
0.04255302354378221
0.03965051720100565
0.037126378114124114
0.03452306209126743
0.03176967978496659
0.02879970887977079
0.02576981436522141
0.022781508508549986
0.019475077995631973
0.016424169723413207
0.013156833462317219
0.009687541021311086
0.006486630343210509
0.0033387787661638413
2.3306851491855518E-4
-0.003005320576534798
-0.005918286515601334
-0.00922753194829351
-0.012306722904917966
-0.015501261006786615
-0.018540880570342422
-0.0213503435876925
-0.024127360505605933
-0.027078920878073176
-0.029775852566629513
-0.03242241699443005
-0.034878578861474385
-0.03724562150287758
-0.03966999750069711
-0.04200059191502037
-0.044531066118870255
-0.046541991941055016
-0.04824955362303884
-0.04980701358047679
-0.051586323740139495
-0.05309816406810841
-0.054424661354133375
-0.055752599966869765
-0.056949997083325044
-0.05763441927402457
-0.058403527206557504
-0.05913372548851292
-0.059566428661259385
-0.05979934233472162
-0.05997825352137276
-0.06009168332814019
-0.06006120088285949
-0.0597523869302129
-0.059474118798566344
-0.058905404147377105
-0.05821021009694749
-0.057241211310022466
-0.056398518545029086
-0.055502672031897626
-0.054241232345230816
-0.05300273704846048
-0.051385440826708595
-0.049640020254938966
-0.04787970497297611
-0.046425354125247176
-0.044292668072524743
-0.04178497761717026
-0.03957584666290748
-0.037290612305908466
-0.0347501196779193
-0.03226293700434457
-0.029733071402221367
-0.02723576850292142
-0.024248738936395897
-0.021499195862099807
-0.018872066015143463
-0.016215211139209207
-0.012988957232477949
-0.009956140911481892
-0.006807054721771233
-0.003940670700129378
-0.0011104396788494952
0.0020716488122513033
0.005048271442947172
0.00806768456279594
0.010752512711841855
0.014018878081163644
0.017009162899784158
0.019794266806658634
0.022729316100532082
0.025552296902026872
0.028190999800705274
0.030867996823099486
0.0333713285849353
0.03569566443751282
0.03798707078434882
0.04039347111328129
0.042769696437247484
0.044842760836990236
0.0467827017060205
0.04843853493821981
0.05039633699130164
0.05180054490080088
0.05302251563896532
0.05424921963277718
0.05536909805392232
0.05596722374860852
0.05670751367116589
0.05725062644124057
0.057637184508995576
0.057711195068810395
0.05784032092999569
0.05788503073495199
0.057666916233314325
0.0572988051971679
0.05680480637844876
0.056041271015346616
0.05534864769257597
0.05442613637772409
0.05318405074034205
0.05185602026379976
0.0504109163440668
0.04866407473604495
0.04696376226843568
0.04494506406598198
0.04281860131140347
0.04063958185710437
0.03809410978646133
0.03595779662933174
0.03366455690012082
0.0312257298692058
0.028677453278217024
0.02610434791056404
0.023628579279159623
0.02077392396265798
0.01794062076729097
0.015093153786620128
0.01210521744424864
0.00913163023599639
0.006274658992224347
0.0036628825210559546
6.486250724958564E-4
-0.002228388605863607
-0.004853524765892181
-0.007616347795266987
-0.01039079178186797
-0.013323518354280028
-0.01610458552312488
-0.018666354842194366
-0.021042175864034784
-0.02349922618873168
-0.02608416506857525
-0.0285097261019861
-0.03084393656793194
-0.03302728020468726
-0.03496594307878531
-0.03709443183085992
-0.03901898102061996
-0.040984530472599645
-0.042723042843835435
-0.04452717323707367
-0.04595424886545629
-0.04721270154952961
-0.04836492508219414
-0.04945270520833378
-0.05035931794835846
-0.051062364194391585
-0.05170210778230344
-0.05209615172811444
-0.05230262296011601
-0.052461833100312494
-0.05256028677322466
-0.052429205575572624
-0.052122294597987895
-0.051574402226102434
-0.05087220289616645
-0.05009030445443996
-0.04913554971358303
-0.04815629236254171
-0.047097430604671975
-0.04582923723778176
-0.044314640848990616
-0.04268449524755458
-0.040841616445329576
-0.03905579241187418
-0.03708104332123119
-0.03506602710217044
-0.03303425208845401
-0.030894212259724774
-0.028689041883781186
-0.026489480486847072
-0.02402190504534374
-0.021686738620004475
-0.019198391975036477
-0.016980957467690683
-0.014249792339864786
-0.011504625176120276
-0.008913474206222016
-0.0062715325721244275
-0.003661043045417811
-0.0010067192943314929
0.0016408220670284246
0.00443983004765236
0.007118018968482742
0.009642463218726527
0.012259948143573784
0.015085013894204136
0.017740887796142357
0.0202296029076513
0.022709839875938442
0.025028532766814382
0.027400566894640543
0.029784063676358996
0.03230462866658301
0.03435173527610669
0.0362389518083005
0.03812868403363057
0.0398877588516634
0.041819456962093104
0.04345759989831277
0.045010692709976485
0.04635661012501935
0.0475399670205745
0.04855613554355842
0.04942227698887125
0.05032378971919316
0.050731018211693346
0.051435915473543314
0.05171615504835114
0.05175606754807305
0.051753795272318937
0.05169683807230141
0.05138142103057175
0.050608751590203616
0.05013647528391063
0.04924506105894888
0.048185878662579285
0.04723093158626668
0.0459895763362268
0.044728434771317604
0.043188387844756426
0.04150090315470967
0.03962737550180817
0.03806721173955663
0.03620798883336629
0.03431544906711481
0.03227197537160642
0.02994863395464864
0.02767174316272425
0.025514785793823713
0.02323399439429019
0.020791911567961896
0.018337337328114267
0.015738869349909868
0.01319466545573511
0.010475899582303994
0.007912028374346902
0.005575008371896284
0.003117365157381702
5.419418228110873E-4
-0.0019121136444110176
-0.004449089840448672
-0.006760718874402771
-0.009300278957530828
-0.011701198236828803
-0.014195350775413118
-0.016716331440279397
-0.018993690174780364
-0.021171580896861997
-0.023334105858063836
-0.025479669091021617
-0.027568802874492038
-0.02968817746651864
-0.0314254254183004
-0.03338988348668892
-0.035165187809897525
-0.03664934500525152
-0.03829143352132991
-0.03982126656269891
-0.04135435920514685
-0.04273938029454394
-0.04400074685065447
-0.04517279338586888
-0.04602590576703858
-0.046781615196487936
-0.04731620183032559
-0.04770968876734538
-0.04783524295265973
-0.04824746988069106
-0.048309644170904664
-0.04831727188590296
-0.04827394082662939
-0.04775087343620388
-0.04747987380638874
-0.04681129553113528
-0.046248173154159744
-0.045337803540268395
-0.04453220795954271
-0.04354738679730896
-0.04218051574727588
-0.040886663449242855
-0.03932671028317358
-0.03782326370505784
-0.03629747673108985
-0.03472696990573598
-0.03306712431296521
-0.0314749458644874
-0.02965341408509692
-0.027697135924851346
-0.025677883939827395
-0.023669452282661152
-0.02146220267719079
-0.019504580564218554
-0.017452553812196125
-0.015173881255341248
-0.012787333854399785
-0.010392981073194418
-0.008014393022289679
-0.005539454429818291
-0.00339421623230729
-0.0010785866350658813
0.0013391421588775376
0.0038219676547381898
0.006193851077389345
0.008485645370475026
0.010712412162156348
0.013221475942650107
0.015631845437157565
0.0179962619934132
0.020161692100947537
0.022288080722770887
0.02446036462347967
0.02632197040381601
0.02823515030813306
0.030022641615639722
0.031943252134365
0.0336734508974168
0.03542269332320935
0.03676835331038342
0.03809318739919154
0.039442914376374816
0.040801610179375114
0.041847141185229475
0.04298068569948732
0.04405822745913546
0.044805385712536894
0.04544090634724296
0.04580701547014765
0.04618209475824553
0.046296193827174315
0.04629689768467715
0.04614963404105521
0.04593610062392883
0.04545894198182654
0.04495751768157541
0.044219059132087124
0.04343892703020502
0.04250700449521494
0.04132450694567369
0.04003504652228229
0.03871863185494939
0.03737865787542716
0.03607439556763381
0.03451091292691533
0.033026390049852306
0.031131791204157544
0.029362463142551087
0.027468804656264
0.0256296069642028
0.02374633595428932
0.019595030250559087
0.01748125168936121
0.015370046380454916
0.013172443962214064
0.010726298262226597
0.008393958210790253
0.006318338207423668
0.004178988101402492
0.0020028365096604883
-3.873239828954267E-4
-0.0027647259997674034
-0.004991955873873244
-0.006872410184445621
-0.009200327611830428
-0.011413334693046395
-0.01351641918622637
-0.015603953739996235
-0.017819696997992907
-0.019650657449862163
-0.02162302173674735
-0.023126669085732354
-0.025127962505081092
-0.026894223508142412
-0.02841673882402318
-0.03018001893202471
-0.03166148909575117
-0.032828682567669576
-0.034138733968842705
-0.03549138292322962
-0.03652925060073031
-0.03773623793667347
-0.038855871009834564
-0.03969378801827572
-0.04046870322969287
-0.04125364886323035
-0.041756159919126734
-0.04258063583584948
-0.04287464355231352
-0.043214922579589254
-0.04355314500994267
-0.04357595591402452
-0.043486563424107616
-0.04344262021871048
-0.043309558076576216
-0.04282700466781353
-0.042504250222067164
-0.041806133639952
-0.04125633702114573
-0.040549671247275154
-0.03991012326190235
-0.038865342845745166
-0.03791707655827481
-0.03687769008637065
-0.035974259233869765
-0.03480605548442972
-0.03351407694882369
-0.03215782078359086
-0.030924974456361554
-0.029524968210203784
-0.027899899769020853
-0.026394750034473335
-0.02468369070320553
-0.022887247972492863
-0.02114413379358293
-0.01956350736389667
-0.017857005653194036
-0.01584417096447288
-0.013752487904463151
-0.011588637348353137
-0.009641412385037018
-0.00767950945345397
-0.005514687576011812
-0.0037013833903311033
-0.0015960648551722745
6.404045361385613E-4
0.002718736172101277
0.004750077468907543
0.006865435734064729
0.008815634070071687
0.01077603908514635
0.013018439203117294
0.015008729452461345
0.017050803835639505
0.01888759901864412
0.020708939373700552
0.022449596755989232
0.02426183129825099
0.025763157116093116
0.027158090847073435
0.028730747594487793
0.030236354740629467
0.03174270016838787
0.033034329425392195
0.03428256234717375
0.03544762569264659
0.03644475687645354
0.037274108346460166
0.03804408852360808
0.03881193081600243
0.039396367534499044
0.040037388154788855
0.04044965830864611
0.040943838864352156
0.04117586950765806
0.041192718371191095
0.04118563288660737
0.04114093794183349
0.040600541382028954
0.040162978808875094
0.03953194256407566
0.03880825768616358
0.038087248360852644
0.03735475754234774
0.03646561885423516
0.03546842065353539
0.0343704470667332
0.03330312907055066
0.03198421494895198
0.03064511037910056
0.029283595342094015
0.027914809330058743
0.026494086574060827
0.024909336607112142
0.023333331315678385
0.02180709468823705
0.020023936583949187
0.018248464163578726
0.01647576165132869
0.01448277105226281
0.012623289604707044
0.010500638664012518
0.008679404445438355
0.006773762075279133
0.005009661031506685
0.0030618094575395327
0.0011228623215026046
-7.128903429145517E-4
-0.0027610280402111664
-0.00469463779395507
-0.006580311925306392
-0.008415852247457112
-0.010435463445217286
-0.012207463601786817
-0.014099072729489182
-0.01590998148931877
-0.017680402930371986
-0.019499668902362988
-0.02102570752507793
-0.02226427374594886
-0.023735678027797746
-0.02526704629861609
-0.02675982437364466
-0.02802017269646706
-0.02910664746776126
-0.030267406143820397
-0.031360526637785546
-0.03229862666758687
-0.03326558666525736
-0.03419702485334464
-0.03464781581052656
-0.03544452755168648
-0.03592902191402281
-0.036503817016687146
-0.03696677295467177
-0.037238668326065594
-0.03751616577108796
-0.03777230393177189
-0.03777924450971937
-0.03786202951855522
-0.037809113828007335
-0.037787909627710725
-0.03765853253096152
-0.03724730636837703
-0.03704649678645133
-0.03661509309410593
-0.035998873272129805
-0.035514527695449494
-0.03469199972964032
-0.03403688038964514
-0.033018801252291397
-0.03217654682386761
-0.03155781428512994
-0.030428894642240745
-0.02922030908148232
-0.027984834008116355
-0.02675519300933593
-0.02539272177213925
-0.02402532008731284
-0.02283133825601935
-0.021465210452308092
-0.0201053654700879
-0.01864944679391889
-0.017046576858935625
-0.01538947379408695
-0.013518551237150733
-0.011704368344515492
-0.009998588757940796
-0.00817595686118966
-0.006507165184225339
-0.004683588810509454
-0.00300903459802504
-0.0011904378098802626
6.82463136754019E-4
0.002578735298073287
0.004447205194909154
0.006136360728169921
0.007969154450081728
0.009637717094968745
0.011355270065959155
0.013215723524473977
0.014924753638681953
0.016725523639840145
0.018295858216023086
0.01961144524445302
0.021111137919327727
0.02252084238927643
0.023867139281801397
0.025013499794095062
0.026244042347214114
0.027366269398701903
0.02844035014132973
0.029506369749159655
0.030605203623637056
0.03149468882159756
0.03219329424681161
0.03316191954923575
0.03369839560385879
0.034335040529328564
0.03483662456198999
0.03542334899305133
0.03567481757606339
0.03596082313233784
0.03616512354674106
0.03624095440389108
0.03622955036017439
0.03621572749357971
0.03611165818150808
0.03598584857952847
0.03569979270908297
0.03521960213695041
0.03471365277293781
0.0343346711451924
0.033649172048447196
0.033102571753712784
0.03227533370561109
0.03146578413965473
0.030609824810635233
0.029482707356590754
0.02845938366294254
0.027515698124487953
0.026461250269861347
0.025372705629942982
0.02429804134510194
0.02307821965813417
0.021833726341602744
0.02042230064817896
0.01897811028725971
0.017472452449325493
0.01593005930739344
0.01439376100606582
0.012583012995017406
0.010828703490236902
0.009250664532332586
0.007671200633413977
0.005908729270704849
0.004423113279144131
0.002744041753910964
8.566561513116966E-4
-6.414302116958259E-4
-0.0023800335263117756
-0.004134837002534808
-0.005495058350072468
-0.007193615842235768
-0.008976824241051728
-0.01051846971348147
-0.011814363633758096
-0.013453461877132478
-0.014968429526897142
-0.01646748982230295
-0.017913205387737996
-0.01917613872971702
-0.02040869537672807
-0.021662534439581216
-0.02268844531708536
-0.023724116068904788
-0.024707550971289627
-0.02581217219719889
-0.026791314378144637
-0.027697087093842554
-0.028368395771376065
-0.029181095210599195
-0.029728798157671266
-0.030326805618572594
-0.030643771942733156
-0.031059863838390878
-0.03143342188435494
-0.03169871572441907
-0.03174042524776055
-0.031701472896576544
-0.03164514531041096
-0.031564841498962104
-0.03155176236324231
-0.03137310508699798
-0.030945549715533982
-0.030399340292222576
-0.030095705641728587
-0.029506241695755775
-0.02903296411701306
-0.028275453258025163
-0.027651787875477063
-0.026800127154302356
-0.025928490236177826
-0.024933304312690252
-0.023805793493136274
-0.02257392963658611
-0.021635481751724472
-0.020681840378415806
-0.01939540280528862
-0.018212030267785062
-0.016901830885641456
-0.01553369212343958
-0.01410192057372961
-0.012762018606838121
-0.011317611292140484
-0.009773508786069085
-0.008439115466645775
-0.006878152454410702
-0.005256139754863942
-0.0038702778388873815
-0.002422427527834503
-9.748679257250981E-4
6.977529747924649E-4
0.0023837138298110627
0.0038572239447889345
0.005320099437676862
0.006912331924902038
0.008342215839892586
0.009596202121244235
0.010939281271543089
0.012448505860358727
0.01395423961065001
0.015351570299942718
0.016576647742578277
0.01777272484081438
0.018871493998576794
0.019989923161455536
0.021119714842624426
0.022180989988859423
0.023125480115621655
0.02387115055399125
0.024559416460533057
0.02546513386368343
0.026113886887542126
0.02680596395855883
0.027295516263321384
0.027894690261628607
0.028276376840830286
0.028699634247364103
0.029144353893508668
0.029397948124151196
0.029447331091293605
0.029619013074320577
0.029536628279699162
0.02959080134998504
0.029500123297399372
0.029447116786974536
0.0293184139859054
0.029219945557991234
0.029065326711057327
0.02887624005247247
0.028219620633954223
0.02795765331487232
0.02746605870104013
0.026912241343982735
0.026466557108447586
0.025695877593841177
0.025053953167436638
0.02432600817197328
0.023623307638855007
0.022904587397716614
0.02191448384820127
0.020945290735898014
0.019926442745298423
0.018890379367650034
0.01775921110556855
0.016563032868544436
0.015203451638227228
0.013836692155006158
0.012547804058757994
0.01114153273971008
0.009763788711721455
0.008287068844686774
0.0070108602604425085
0.005621825704483552
0.004328961137393783
0.0030380234081625046
0.0017368302756912701
2.943483406070424E-4
-0.001159496472310395
-0.002552809863647809
-0.004010723069844291
-0.0054653682626957245
-0.006821309381908391
-0.008076880219719529
-0.009246343059188145
-0.010480700947266053
-0.011720895754143701
-0.012962223278601748
-0.014162089456701055
-0.01540275886797382
-0.016572568018911382
-0.017796394814303618
-0.01885534674424383
-0.019647838714970223
-0.020490310066296202
-0.02127690663545756
-0.0218783693375465
-0.022724297557074724
-0.0232648265021701
-0.024084590886259583
-0.024520619045112046
-0.025251005395832138
-0.02563489987163281
-0.02589140968625192
-0.0262419486974399
-0.026589656232219316
-0.02666674150746484
-0.02674832193316734
-0.02669323085293529
-0.026645698736818102
-0.02660523953615168
-0.026566924341570375
-0.026202468689042413
-0.025862790222371812
-0.025383147721994015
-0.025100895266997658
-0.02453865316650583
-0.02408738405082722
-0.023502974784874064
-0.022818439625705178
-0.022230177260946227
-0.021507523306857124
-0.02056179007576131
-0.019833727583996152
-0.019011919398780663
-0.01805731470496086
-0.017107741317314074
-0.016116328595804252
-0.015063207952982105
-0.01379834745368691
-0.01257717780425538
-0.011315739969756655
-0.010013851838902132
-0.008755562787031046
-0.007473982685855529
-0.006357448500976859
-0.004935613954386464
-0.003745999269149758
-0.0023861386531329742
-0.0012080198222743643
8.283619080551308E-5
0.0013658574786755695
0.0026554664112812265
0.003914808492983535
0.005146947621162301
0.006350047049807461
0.007600374863757531
0.008775937119819499
0.009948628675508386
0.011094674339125032
0.012417178501546888
0.013604581506797664
0.014806396944902156
0.015795846427098525
0.016812144887976443
0.017785248243951335
0.018684537636452614
0.019417585594049047
0.020196657393034334
0.020755930691347513
0.02134135718475716
0.02193134570617905
0.02249277630240465
0.022809098908532333
0.0231462098645957
0.023668377276243713
0.02381481533081853
0.02385106774619261
0.02414827768464789
0.024352974846619246
0.0243553378082777
0.024356494150864494
0.02434766522887355
0.024208546895866934
0.02399201197697587
0.02377710669858235
0.02353602350871642
0.02310407574431994
0.022683306176826457
0.022374163367398503
0.021803472762933263
0.021257198477554917
0.020629791920357743
0.02001118573719063
0.019280258489972613
0.01862183260946937
0.017654866407354364
0.016817909972612788
0.0158465849405397
0.014954177944258684
0.013805529286689877
0.01259508801079523
0.011456223073090799
0.010359727405157781
0.009158435331313108
0.008177196664130748
0.007100391640840309
0.0058600878591088534
0.0047051758612766115
0.0034569188118839245
0.002155987420890071
8.593367200940838E-4
-4.0050326800589175E-4
-0.0016663774176435275
-0.0028333696581589463
-0.004105797667119604
-0.005286547949638454
-0.006417404240970703
-0.0074645378127315976
-0.008267095892249832
-0.009453097590320203
-0.010471746027830853
-0.011374163887821087
-0.01233713707006967
-0.013336950645689072
-0.014240249348291156
-0.014967575007666212
-0.015893988039127116
-0.01673766824942513
-0.017395238536309532
-0.018300087402087772
-0.018740302101570294
-0.01948595773640427
-0.01989584406980094
-0.020469442094130486
-0.020864224675619658
-0.021212441005379445
-0.021568305376970187
-0.021791509134866938
-0.021936363371810597
-0.021825281737229862
-0.021805314829844935
-0.02174181601215086
-0.021635756998000688
-0.02159896114393467
-0.021219473998311922
-0.02087090309672579
-0.020495591316032402
-0.020114820584979043
-0.019595068004845007
-0.019175650463734484
-0.018526595429770754
-0.018005363706661837
-0.01720040763341224
-0.016615701203476885
-0.015755817821182405
-0.015000971425197518
-0.014127893053585416
-0.01326982069935001
-0.012462555546705611
-0.011561215491205146
-0.010606266230876571
-0.009710433191511991
-0.008811587813022936
-0.007733115856241035
-0.006752434317524925
-0.005851991628302855
-0.00487483624711027
-0.004042353426730982
-0.002904817686753325
-0.0017509440221215034
-6.490835560324371E-4
3.769248396372493E-4
0.0013794673971333493
0.0025064927565831008
0.003678333058974914
0.004752331106792074
0.005667262709476484
0.006579003566302366
0.007560867337908506
0.008349452693023673
0.009268570985151658
0.01016953231118578
0.011022166396029265
0.011986512375087077
0.012902409056002928
0.013752534876918299
0.014568699915145755
0.015177880374593222
0.015850733334568545
0.016352619399217394
0.016969445323188115
0.017365812412865944
0.01790930208174879
0.01827866255141275
0.01851489068052692
0.018789177131090296
0.018873250597851943
0.0190482535948866
0.018961879853055197
0.01890843438832901
0.018807341971663893
0.018692511802252842
0.01841260047765203
0.018124461544639092
0.017802375145481886
0.017228141553079945
0.016851865616389516
0.01626731996653341
0.01564914691396324
0.015047046782688644
0.014408416097195564
0.01373008190956726
0.01307448470404915
0.01203134448684351
0.01129124957142269
0.010452539250926818
0.00960044139966898
0.008828536993910174
0.00805103363838322
0.007134452885789289
0.006247404154918645
0.005459976515790221
0.004563707278918416
0.0035585514385469974
0.002774002171410106
0.001875890158972271
7.901427067015243E-4
-2.9951932992278163E-4
-0.0012157175890094019
-0.0020287894468656864
-0.0028938801974088824
-0.004034168237636138
-0.004963856572177683
-0.005553068932283578
-0.0065636296078908085
-0.0074191416967048784
-0.008058297582139828
-0.008989587565441215
-0.009741114475783297
-0.010424417654166462
-0.011058262038340594
-0.011693312887711138
-0.012299720910141088
-0.012884214832987406
-0.013416954352538313
-0.01407358180756857
-0.014420131648673618
-0.014896645483840398
-0.01574366745724387
-0.016166558825426836
-0.01656804208047369
-0.016872776099776443
-0.01707178094517492
-0.01728323733653181
-0.01771123646616779
-0.017920391753638687
-0.01809059551504577
-0.01815242636626402
-0.018057115620017883
-0.01803634995061465
-0.017990550963817964
-0.017929489751266958
-0.017892861787219494
-0.01778976722300385
-0.017518522008637127
-0.01716527397896106
-0.0167851064456509
-0.016593945869799454
-0.016271381172725974
-0.015862965984660526
-0.015456471559894935
-0.015103077377784047
-0.014681321848670215
-0.01416545683347703
-0.013712134777690066
-0.013160928243143633
-0.012150071377223348
-0.011587204649308736
-0.01105219362813148
-0.010395843092651735
-0.00980951447012457
-0.009151207653251392
-0.008526762566915091
-0.007831276675681953
-0.007182688737385701
-0.006275216962588925
-0.005633308966743078
-0.004710801128707254
-0.003984255571651496
-0.003196343942401647
-0.0022496088207928366
-0.0013697168511271895
-5.855847746154552E-4
2.5369808459929644E-4
0.0012416258630750798
0.001994035572036368
0.002899816434759117
0.0038109919119206914
0.004442790955582976
0.005206954246934958
0.005942970378155388
0.006500896867349559
0.007435432959210453
0.00811272233071747
0.008795745572614977
0.009439757750245747
0.010041134495211046
0.010624582811837313
0.011306344577965755
0.011858169347464531
0.012459658633871551
0.012955854039597536
0.013685919631775345
0.013959610654762589
0.014395669944724965
0.014869548365960994
0.015116559881090508
0.015217104696179096
0.015383407298587115
0.015627364107146935
0.01574766954558726
0.015729356707890774
0.015799068233817604
0.015748976088346578
0.015659602998994937
0.015585212867981313
0.015447199710965087
0.015342305458645455
0.01498164214793496
0.014814699131008746
0.014434799646826701
0.013937475938918586
0.013706037921274339
0.013203868971952248
0.012565878998696434
0.012088179421528289
0.011494439161339964
0.010852865178428095
0.010192420882792819
0.00958369155734895
0.008914652757260555
0.00831638204126628
0.007673600295772465
0.007044899994335663
0.006352733599241045
0.005716587829943887
0.005018404965850487
0.004543928382421014
0.0037515895888124984
0.003195533382344795
0.002397942085522131
0.0015415902045050611
9.125466695560913E-4
3.459688922091697E-5
-6.231907025837646E-4
-0.0013453123535639433
-0.0021748020312921668
-0.002786494584057553
-0.003672387684057865
-0.004244148583997243
-0.0049015041232685075
-0.005427499489569998
-0.0061675540839642995
-0.006591318556879555
-0.0072924471074847785
-0.007596788577044711
-0.008073904216133188
-0.008557275494582073
-0.008842100302202338
-0.00916963269437665
-0.009568191260326597
-0.009887188411235814
-0.010049419558490036
-0.010360444334845842
-0.01053352108100536
-0.010816950919578683
-0.011034921393396346
-0.011074246046964387
-0.011182789362919943
-0.011175898487702507
-0.011251653305458298
-0.011192615147734175
-0.011141898158251728
-0.01111568281391917
-0.01109510321370133
-0.011074506901252779
-0.010997200666122642
-0.01094272482167058
-0.010886388229286226
-0.010918668599081194
-0.010592832212400372
-0.010407346492729452
-0.00998451560404634
-0.009801475722369113
-0.00962089157685142
-0.009247441445210836
-0.008876566036295608
-0.008560248379261837
-0.008104110704875933
-0.007720314802796335
-0.007251761848987903
-0.006849101475063457
-0.006222521571829898
-0.005614759755936949
-0.005273959389551219
-0.004396171048797859
-0.004093205555717239
-0.0034321374233655666
-0.0029288812854516566
-0.0021091425418495735
-0.0016463240406840995
-7.954094078528318E-4
-3.163455091924616E-4
5.775672677915678E-4
0.001107970359243704
0.0018994010434513209
0.002606592767483318
0.0032479828586755577
0.0038925400194386173
0.004435469124197899
0.005041779685907688
0.005628432067055544
0.005987099736572077
0.006534444448712873
0.006916413826656087
0.007579498604213031
0.008029650734447169
0.008585812385600633
0.009006565084891727
0.00930537897196293
0.009715268029065749
0.010071880508346398
0.010354925116427105
0.01063572523794809
0.011068206769542899
0.011332776454977544
0.011526301024952224
0.011786194993866128
0.01195918052495537
0.0120229665985917
0.012319262351326632
0.01246787851135267
0.01251892383248654
0.012529876774077797
0.012556872060787927
0.012551216459925518
0.012529326638652027
0.012529606895541834
0.012422478740164555
0.012241750711768251
0.012041035955961954
0.011787073195513087
0.011587563030305836
0.011229597040708916
0.010986216945579885
0.010586824629813085
0.010212264820573469
0.009999003870679313
0.009518812879125815
0.009080949046315734
0.008717794770762177
0.008366304374769817
0.008007455409740682
0.007568179939995923
0.007207054937769408
0.006537275734997516
0.006172909013993921
0.005793942186240297
0.005167979102624121
0.004933271444506504
0.004447675618792779
0.0038967596449613895
0.003472734152556889
0.002686567767704706
0.002438615311165626
0.0015608203399337661
0.0012013237468386784
5.395742839540141E-4
1.0449185288052831E-4
-5.815731456138007E-4
-0.0010926242164287503
-0.001713804297350352
-0.0022732720473032098
-0.0028309550871363776
-0.0035173984691256877
-0.0037444557344222806
-0.004274477748189676
-0.004725372936826511
-0.004918615054348763
-0.0054989110873461255
-0.0059214257905700896
-0.0060609068895514095
-0.006261198011998981
-0.006599880864527785
-0.006767042646782184
-0.006922452465156659
-0.00698316574115454
-0.007149368469585249
-0.007225754721299715
-0.007286635186109391
-0.00730493542374
-0.007302019456400188
-0.007279782249837163
-0.007231908168529477
-0.0072357245842518125
-0.007169010480169047
-0.006887860231358678
-0.006601228355950117
-0.006305995372659745
-0.006055368280110773
-0.0059126101857882585
-0.005633226238303424
-0.004991973369998792
-0.004725642606046132
-0.004401967005564944
-0.0038687085859426817
-0.0034110506955487008
-0.0030004515407106025
-0.0023721801009326526
-0.0019373738661687678
-0.0013181379794369175
-7.216558847797927E-4
-3.649426750479412E-4
4.1635070248635664E-4
7.129871563597012E-4
0.0013112537824012671
0.0017961144074261082
0.002328003483397567
0.002985310442483291
0.003326918348519836
0.0038384800225058635
0.0043494852770731285
0.004522248351610858
0.004953657781767151
0.005444637423500209
0.005685402604506673
0.005811023831590156
0.006221532788098227
0.006495272824191378
0.006764004462906703
0.006961633969530312
0.007088733527741198
0.007248324671270567
0.007646308327615037
0.007927128086214541
0.008132968141074448
0.008233077612589401
0.00838286320275028
0.008630210348473333
0.008792252006357915
0.00883546217423048
0.008976648097802187
0.009025009143316165
0.008976684520607403
0.009070123799019614
0.008978162734671224
0.008928697834021504
0.008920788983725947
0.00889879671144378
0.008865585047995284
0.00885514185333025
0.008849237000094878
0.008782862855058138
0.008719547694982177
0.008684853862970021
0.008589179643870737
0.008498383907678653
0.008273654161258026
0.00820167970690211
0.007921665814569434
0.007765273603757006
0.0076238370378847176
0.0075218842882665005
0.00737100361367049
0.007045089243745806
0.006928216694120137
0.0065443151661681576
0.0063832567480321956
0.0062740225106254766
0.006088901990323747
0.005767342175069579
0.0055110692388800064
0.0055013903037349765
0.005326679457993033
0.005073115476499468
0.004679791409779477
0.004375112043156659
0.004118416010576387
0.003833591735871722
0.0033101643475207387
0.0030209862953982647
0.0027931528224843793
0.00210461741303114
0.0017640179599155426
0.0014146530375488409
8.26553711655742E-4
3.681141324306525E-4
2.981279117808544E-5
-5.271620174974734E-4
-9.098325335421542E-4
-0.001276594120514729
-0.0017431978408296578
-0.002047195082047981
-0.002473577445427866
-0.002981460220469745
-0.003161397768155716
-0.003415022581151228
-0.003660762714216781
-0.0038917334403971715
-0.004145776971540283
-0.004266904110906133
-0.004272011168325096
-0.0043651016249171
-0.00431775495546094
-0.004314904413089571
-0.0043002033651386995
-0.004271164953952522
-0.004257822804554334
-0.004215986411085337
-0.004174938657903304
-0.004107883661129574
-0.003915564352264256
-0.0036385535435953242
-0.003339724726683979
-0.0030910982047358537
-0.0029454166433547924
-0.0025469399957721572
-0.002059053202627892
-0.0017647886184670725
-0.0010648276134561652
-6.357679381148174E-4
-4.382431183100888E-4
5.755255127293246E-5
6.392091728852911E-4
8.22373327139081E-4
0.0012619535160588446
0.0018028039467504753
0.0020156233004920976
0.002333542403371469
0.0027464883689328756
0.003127077697563596
0.0032756952374441983
0.0033982774360213908
0.0037362696314849897
0.003935159983124659
0.004197515769792659
0.004395974358240573
0.004465886648251427
0.004499406291853525
0.0045272450286210075
0.004511737396007964
0.004512723953685405
0.004511946544678125
0.004505222266295128
0.004497990011365416
0.0044526346866053945
0.004436731242523861
0.0043844624060908055
0.004370416270822797
0.004158840530320673
0.003882649888962142
0.003747217423804128
0.003364717935095296
0.0032146020292639355
0.0031180529600404183
0.0028534855152007044
0.002311980584677742
0.002026292980444877
0.0018702841135824766
0.0014354338081470353
9.652644697228929E-4
7.265887951045658E-4
4.208996732629755E-4
-1.3214231325719972E-4
-4.5131539643517016E-4
-5.840446389746567E-4
-9.86645777865447E-4
-0.0012006592349859124
-0.0015837107468901213
-0.0017744985127199353
-0.001901893035997193
-0.002266145296659139
-0.002508130342747661
-0.0026272994832191587
-0.0027165987620675347
-0.0028906994260720076
-0.0029769286525611616
-0.0029777528783312412
-0.0029745758556690705
-0.0029736143068006538
-0.0029717227735965857
-0.002960840823567623
-0.0029173672872956358
-0.002899203183272636
-0.0028202866695238304
-0.002764758632770259
-0.0024344673953976548
-0.002164795020320631
-0.0019863713009015127
-0.001716429416031784
-0.0015257750999180253
-0.0012158812451478207
-8.842979968040066E-4
-5.944166941269646E-4
-4.994393970750854E-4
-1.1408604797669142E-4
3.051284021492462E-4
6.018382895783825E-4
7.856657961546887E-4
0.0010685326865219613
0.0014256166501360745
0.0018291583220866325
0.0019717327334555224
0.0020528161647674903
0.002255541821088891
0.0024897737413750454
0.002610165066558645
0.002689292257246567
0.002698732138166071
0.0028048132404955295
0.0028533565027493157
0.002764147840391473
0.0027098827069185205
0.002677305040192368
0.002647852922252225
0.0025825659844660454
0.0025434561470346617
0.0024358988044275165
0.002066016463101117
0.0019326848443506073
0.0018536833596874969
0.0016956876545525246
0.0014693856184436749
0.0012093531398985613
9.758374135285797E-4
6.551480615748506E-4
5.71452065325051E-4
1.962958389110092E-4
4.893729533661517E-5
-4.286860912658952E-4
-5.284510672870502E-4
-6.21215448235346E-4
-8.687986011559623E-4
-0.0011072265835292416
-0.0013983771472734219
-0.0015050763349306884
-0.0016723418309562144
-0.0017630886612142183
-0.0017769909337593814
-0.0017987748020319438
-0.0018743198872813727
-0.001868996824383462
-0.0018348916260879644
-0.0018371430046610904
-0.0018124879934647842
-0.0017851705963883857
-0.0017613643563989534
-0.0016962566345155583
-0.0016779025929277713
-0.0015222733170701108
-0.0014532641809263946
-0.0014396766181710152
-0.001218223280164632
-7.403511174166599E-4
-5.32477730430414E-4
-4.514988895029104E-4
-4.158705829593323E-4
-1.9952703357628554E-4
6.467151276801086E-5
4.2423856026241324E-4
5.767293177109112E-4
7.321216534491581E-4
8.061642524770374E-4
0.0010776373409832063
0.0013531925836786085
0.0015137042032312698
0.001635322311918097
0.0017139390632033846
0.0019508149453349999
0.0019644541834351603
0.002006344375506397
0.0020201007175251195
0.0020131088005049813
0.0019924660694449203
0.0019824144015098133
0.0019415435194618524
0.001953532539331726
0.0019362546628991506
0.0017320420719343366
0.0015232318783777732
0.0012748998539237055
0.0011588234408216325
8.495284796875557E-4
7.323831289758331E-4
6.660201816975908E-4
5.636663237440498E-4
2.2116447711251208E-4
9.169160357236361E-5
-1.1330791003094642E-4
-2.663614494013977E-4
-3.81581027179112E-4
-4.8698899476473656E-4
-5.619456169161374E-4
-5.529724006537728E-4
-6.518766548422317E-4
-6.544816828614186E-4
-6.388462923331284E-4
-7.43503624447861E-4
-6.270285652911767E-4
-6.294249653903128E-4
-6.096859456222736E-4
-6.815095635395174E-4
-6.559057910556776E-4
-7.091274491568544E-4
-6.364244818222176E-4
-5.946495072384206E-4
-5.743461832886654E-4
-5.347579516310486E-4
-5.288569039043622E-4
-5.230294507911903E-4
-5.282272444163683E-4
-5.463749213550084E-4
-5.457040501862798E-4
-5.404768372067048E-4
-5.395065577901148E-4
-5.384288444801877E-4
-5.376466680661052E-4
-5.368137469685674E-4
-5.333988560169978E-4
-5.35855576241806E-4
-5.362085634978975E-4
-5.316098315731876E-4
-5.294006812376351E-4
-5.291366681412502E-4
-5.29047797859783E-4
-5.3706798126818E-4
-5.325832160263388E-4
-5.335996277117117E-4
-5.349612741941678E-4
