Bille
y
0.34264318806348515
0.3415439806096132
0.34121421837345167
0.34132413911883885
0.3402249316649669
0.33989516942880527
0.33791659601183577
0.33681738855796384
0.3348388151409944
0.33154119277937855
0.32626499700079326
0.3214284842037567
0.31593244693439704
0.31076617190119893
0.3043907686687417
0.29746576170934846
0.2898812302776321
0.2814173328828181
0.2737472820934059
0.2638333959436704
0.252723581033789
0.24163727601316232
0.22964381347938
0.2172870449018549
0.2046099013075372
0.19189441720058065
0.1786185388404533
0.16550501821755825
0.15306426973964826
0.14013035215286074
0.12688061135575046
0.11463862510954265
0.1033805700348065
0.09107860384761168
0.07983827252198772
0.06976528424076583
0.05985898338872575
0.051019916426897294
0.042446000829224506
0.03496928151027218
0.028652180483961787
0.022737052288521464
0.01789954160149765
0.014155409336433278
0.011644479561912224
0.009231093313579186
0.009456728471222808
0.011143335842166091
0.01364953518949552
0.017181325809179637
0.02150332700436769
0.02650347873166764
0.03171602080672947
0.03780002724008091
0.044036058584349
0.05032634478329401
0.05714211776704092
0.06446823556183034
0.071934466729346
0.07952308213860448
0.08703193423015859
0.09443408870967251
0.10175491960476979
0.10878900254930707
0.11531688796284861
0.12113960728225914
0.12676219982022252
0.13166261894065845
0.13534464888932013
0.13841887411508397
0.14047371237227596
0.1424511902858422
0.14295273719499874
0.1428166209075653
0.1417595160749684
0.13982936320294054
0.13734198443248746
0.13419226547566054
0.13034504943139624
0.12552376624895795
0.12051411486826669
0.11444546490002483
0.10868838173663958
0.10245628683391256
0.09618354690544972
0.08991054592336456
0.08370555356300685
0.07696715689538447
0.07025832720256259
0.06394925758270387
0.058292271238137905
0.05275957188021163
0.047838657263127415
0.0428733922442559
0.03907792732513515
0.034625202510537356
0.031102748637498345
0.027886995736383757
0.024714315109983565
0.021726717791627936
0.019044821599269235
0.0167951351923335
0.014725712870342189
0.01296709745767144
0.011591309445290299
0.010557799101309162
0.009823509231536576
0.009435073652799775
0.009358468851274837
0.010239508375473938
0.01120616694579557
0.012271907881698685
0.013974867443978356
0.015946867021170208
0.018357283743205166
0.021050045619834423
0.023926151715785937
0.026756456883511637
0.030298059525357857
0.03389060290912477
0.037400107537828464
0.04105983516193329
0.04469115355513237
0.04840374745904602
0.05218650762565624
0.05593331196568302
0.05960082555178936
0.06325407853159298
0.06643018829303521
0.06999850327666324
0.07293708129932092
0.07586090866357909
0.0784518118900106
0.08094024152445428
0.08322716792781476
0.08497800726069898
0.08677889009404294
0.0880414290981939
0.08884175639338426
0.08945650083853507
0.08992935417154185
0.08992997013381687
0.08953767404016238
0.08883443997114843
0.08823233487992876
0.08725015815847792
0.08622753518066739
0.08501910686269637
0.08367566465362586
0.08152886047927704
0.07997606297634624
0.0775255979588706
0.07508516688223399
0.07257415349693747
0.06973073399568719
0.0663422227123544
0.06340655400040118
0.060164182303101776
0.056569576122002585
0.053450532920202576
0.05009175470885335
0.0464979582640318
0.04295856449407509
0.04015933517199294
0.03656109644009914
0.0329573539998555
0.030291114940871167
0.027674844742825555
0.02486341766132044
0.021757360539094883
0.01934306248030243
0.017341274749682056
0.015368168583225483
0.013592618204079698
0.012221391061920772
0.011164673587416463
0.010427881329709565
0.00994353958883687
0.0096551621704149
0.009679619019055563
0.010150885069280913
0.011096649031700268
0.0121364890238706
0.013013369334323677
0.014566156270353403
0.016469170271463163
0.01845836297317205
0.02019367593075444
0.022304915383005275
0.02476038150497689
0.027102875096881862
0.029104256599645995
0.031117198537574164
0.03347544693149229
0.035809631358557026
0.03782027380195291
0.04007234772700213
0.04181422372294846
0.04361728973618206
0.04523422014643513
0.04698360223069287
0.04832508736504232
0.049594893857431266
0.05075342346255396
0.05149037844706078
0.052094989368238476
0.05255881249917488
0.05275884876810072
0.052739225326869865
0.05264112054292169
0.05216773292040894
0.05152999162522426
0.05092533644586145
0.05016226600657786
0.049188840130157785
0.04829880048962559
0.04710513782904713
0.04548607516029546
0.04408436393272763
0.04268271323258982
0.041215866640752
0.03955121322777233
0.03780844480567397
0.035835830763150056
0.034062191841371214
0.03219428227916571
0.030297159756893732
0.028422948909958612
0.02652492126539796
0.024273464377209453
0.022318872022212888
0.02032926795804435
0.018537194669766333
0.017209726775221035
0.015435027301764048
0.01380154559395469
0.012618721942897981
0.011793633375846546
0.01108111341141288
0.010398692399391729
0.009865041047756928
0.009859642750797926
0.010318228825380249
0.010705594614601743
0.01114897064093645
0.011751069275660275
0.01290972422745057
0.014216627826579231
0.015750668580146232
0.017634833503158864
0.019295232744359514
0.021656696100858408
0.0240627321339818
0.026221948502237302
0.028625195564411787
0.031095043156536772
0.03345310277502772
0.03588533693042534
0.038401699238748865
0.04101835449269825
0.04345821325243021
0.04584590857313364
0.048139443200494736
0.05023945261989482
0.05257634529681576
0.05460930711362849
0.05632186619712343
0.057991076185340606
0.059609937361728815
0.060915598333456555
0.06210798669559581
0.06314463002940357
0.06375079470199313
0.06438635509817642
0.06460107959823502
0.06481396436959008
0.06507190693973697
0.06509915236748898
0.06498711334694857
0.06470173862955397
0.06405125970315317
0.06333035866068826
0.06228417526415392
0.060960104654871616
0.05961911699125111
0.05825985373666476
0.056476259111706006
0.054614691520909475
0.05257895360259579
0.050335427407387
0.047874525571869664
0.04575470694607342
0.04341788429775334
0.04101324493445102
0.038566842241592736
0.03604178285049292
0.033513320162021076
0.031076865211528637
0.028813501671167585
0.026563689110364275
0.024124715968091237
0.022195696936375353
0.020343612671229194
0.01842504968600056
0.016602886533690908
0.015015954173174306
0.01356131149645029
0.01234158427080606
0.011356096385604586
0.010767047622370074
0.010289072862890436
0.00986777431370306
0.009866311544736106
0.009973180322058406
0.010217445019993221
0.010731695114248652
0.011509316133919867
0.012317902260856939
0.013487789614552992
0.014708558089078339
0.01601151561811659
0.017483711707927008
0.019038662983403676
0.020389721136625016
0.02217867302915777
0.02405480331923804
0.025920740680274335
0.0271985302935841
0.028890792464868975
0.03051074246441482
0.03171557136485792
0.033124466407932485
0.03429589373375436
0.0355222152106634
0.03651914558752423
0.037421418603127476
0.03842496289733904
0.03912704651930543
0.03968915162937264
0.040207078899865634
0.040377468800490035
0.040376550488735063
0.04039975196619855
0.040398084677896406
0.04024713082575604
0.04004146189234753
0.03973148464617027
0.03912913352290359
0.03830540945264643
0.037273741196277965
0.036443365647958526
0.03533285833288341
0.03414471625630172
0.03292139748490719
0.03158081637057719
0.030288961055375263
0.028999312761692597
0.027716286037409665
0.026047252048366776
0.024159826845206733
0.022747298912222547
0.02114731933259023
0.019673774674220712
0.017970804962278708
0.016667753826300924
0.015459984210945299
0.014183950209928353
0.012987911731995372
0.011858714215146449
0.011494027092283643
0.010658274109856647
0.01003930591736163
0.00974996853567589
0.010030524551596254
0.010250775131988354
0.010451008969641018
0.010616014441869825
0.011545296412667938
0.012728296293130437
0.013978225796756283
0.01495064457109474
0.01620778964778352
0.01786993308634499
0.019771227148839
0.021624307454616465
0.023063745385829115
0.025214914188184
0.027647349821438405
0.0293682582422089
0.03143778148585047
0.03336452533949008
0.035769743243487195
0.037758518028254084
0.03974490452809343
0.04151661645011934
0.04378179224241624
0.04527496395213343
0.04674437720625407
0.048457395388189606
0.04982694404781468
0.051027811619754615
0.05222561986656188
0.0533376576195011
0.05404306658036401
0.054763358848009536
0.05518488889472278
0.05525969955601634
0.055254692794672045
0.0552552734809012
0.05519719153684988
0.05475449194035609
0.054075026236101165
0.05345639553794618
0.05257633871031564
0.05141115282060288
0.050121914427839476
0.04871332216948038
0.04746037282935639
0.04589834310361779
0.04405641991794779
0.0427367234176928
0.04097774611575444
0.038908053529481845
0.036591765576291735
0.03461821868878717
0.03283035183491889
0.031063649913569524
0.029093844044926986
0.02679566592792698
0.02481831380070859
0.022784355273752777
0.021439431622242988
0.019982450027243137
0.018016880548759828
0.016539648173258426
0.014444885159600074
0.01299413894967233
0.012317876849246345
0.01172876660756983
0.011527935895625563
0.01077332428903488
0.010393558516663237
0.010284479201000452
0.009981001288380642
0.009920562946834133
0.010705025089459752
0.011651162443496565
0.012406505856417005
0.012904523517393018
0.013061752101292179
0.013790924594969112
0.015229679511021
0.016805967286802503
0.01815068025307054
0.01933103320327806
0.020418995707191523
0.02157904670998312
0.02282401096195802
0.024237656133174523
0.025838659280920995
0.027365864517454763
0.028661830017170542
0.02944396630544882
0.02984850983804016
0.030848019584019892
0.03208761767015339
0.03296305848409525
0.033559986469369585
0.034028331846219506
0.034163222001849014
0.03401406622260805
0.03404559859410017
0.03461361084401793
0.03513573681587556
0.03505471857885467
0.03468047977924138
0.03395931997661128
0.03309727151705166
0.03261307453388712
0.03228005449785426
0.03165428688043259
0.030790685856098954
0.029894098452023732
0.028650921643876226
0.02724778272920636
0.025954488009012677
0.025246780314176598
0.02409553752143373
0.022404445144293905
0.020964857723025865
0.01930480449053984
0.018327573326623936
0.017304197381750708
0.016431775151888428
0.0149405489595838
0.013595943112330144
0.012455850404489544
0.012033928172197561
0.01164437142249175
0.011153366615948901
0.010971185793440696
0.010414979834541649
0.010225519185151855
0.010416231382705643
0.01061675847579624
0.011135555644477435
0.011778684308511422
0.012839921134430943
0.01357860977917541
0.014167046460299038
0.015262429192658522
0.016621058190738613
0.01818140555862019
0.020272434799857908
0.02165750266148797
0.023134142164552396
0.024696554544034632
0.02651492983516507
0.027954370320562638
0.030290773453954978
0.03202536264172773
0.03404179443266425
0.03534893018552199
0.03697220156048975
0.03844363547359386
0.040162444034314904
0.041739764074650576
0.04349896707350803
0.04458785384842101
0.045580515632091256
0.04652217659486341
0.047391222377672626
0.047878072652372095
0.04877041780283775
0.049541744497306195
0.05003256795534533
0.050157512642381996
0.050178348928526795
0.049822973183598906
0.049661546014389824
0.04951580448225534
0.049034314554926184
0.04852329053536797
0.04769465653160321
0.046647654675824324
0.04568668787106328
0.04460553238223952
0.04352415982247726
0.04231235043851583
0.040880805234040474
0.03900561818107606
0.03729783991345975
0.03531610505883126
0.033971155925096086
0.03241617437880556
0.030459293127084563
0.028942725859175844
0.027068846758142084
0.025350319774518404
0.023431880717520948
0.021774610422817697
0.020350088327302063
0.019047335319338665
0.017509785651338372
0.01603676615382954
0.014805030072229997
0.013591434518581524
0.01283092014255327
0.012195997813760406
0.01161173572901164
0.010968317268351513
0.010491838957066069
0.01048063512264974
0.010418218461996587
0.010407764641439998
0.010602108088338447
0.011040141147196536
0.011689403746453442
0.012201777550984005
0.012961457788619402
0.013633514978885486
0.014668734507404968
0.01581594979720402
0.01712544177299058
0.01796530225357601
0.018947786053857607
0.02017463987037449
0.02157273050531122
0.022828707921857483
0.023672046978263694
0.02472528787761563
0.02593973194877247
0.026885669468114604
0.027701562668303648
0.02857338749876487
0.02927887017475872
0.029735907988839072
0.030110117016755533
0.030434174982484574
0.030839566715508304
0.03099089467322924
0.03106478565876336
0.03104005862525344
0.030967759882298995
0.030716340138388032
0.030398523912264108
0.030475190750647196
0.03037093676462871
0.029844181637404654
0.02909808851680934
0.028395772404855857
0.027270528344659983
0.026385399671834175
0.025962886195824264
0.024954170628282812
0.02357691266990425
0.02224237105887361
0.0205107468743157
0.01906603804646717
0.018486899753284658
0.018021086179209223
0.017237809223689282
0.015588244591285938
0.014060214051732078
0.013030911888960328
0.012916096194343973
0.012720583068652147
0.012344806823202104
0.01174231026877215
0.011158619749713439
0.01046094678591003
0.010151344635621617
0.010399149061813329
0.010925304192127228
0.011514202636523974
0.011691418056485714
0.011931943130297773
0.012264226080535845
0.012989625667552795
0.014226876224629592
0.015591965362310611
0.016728504186858284
0.01794638922916031
0.019274045055027444
0.02094367539585401
0.022404868177916315
0.023875814129880046
0.025884854748237707
0.027617803930154505
0.029026979156581145
0.030335807150290606
0.03157206118968575
0.03293223508940113
0.03495223937644154
0.03635801639600633
0.0377217745929736
0.03883612332285574
0.03993564835608032
0.040995686544512466
0.04210323830605067
0.043062256039478275
0.04389534604109424
0.04432081081464223
0.04455138853329316
0.04483090129670414
0.04503008358419519
0.045301513757592504
0.04548597252184838
0.045360546417673286
0.045116831334120144
0.044494109181589914
0.04387144012192584
0.04336084067282947
0.042711408909648974
0.04195781787819636
0.041048342104090974
0.039754356300702176
0.03840956381359828
0.03714621085574482
0.03584591335605569
0.034552831317076094
0.03334544734330663
0.031777820208705176
0.03031097965057561
0.02898023415558454
0.027198091132311808
0.025510369986575132
0.024079887134665856
0.02278663075539883
0.021196407574360365
0.01926534763052412
0.017884583613776095
0.016655953193343842
0.015414143535444902
0.014277933706447477
0.013593983466672677
0.012919988919940395
0.012060054835188516
0.011308466454574562
0.010830111060129377
0.01090800627760291
0.010999723311207188
0.010809286162722087
0.010593808840399288
0.010500290795609657
0.010858398305504391
0.011417039964483233
0.01223142877925154
0.012738404369593226
0.01340824463244028
0.014011145727277186
0.014931915502774007
0.01572219452001905
0.01672468825556328
0.01795231466316255
0.019049453051034004
0.019748615198630914
0.02035172490081455
0.021570035393362996
0.02276508429791435
0.023592989824077537
0.024230284375023836
0.02528093607005144
0.02597406615475789
0.0262951598341995
0.02668293294357993
0.027190322552160973
0.02767444633262367
0.02791192895126815
0.028122526642707812
0.027952201670694066
0.027831730767311436
0.027741242255789
0.027765082691510512
0.027435907711961804
0.026992806868793573
0.026586373685238196
0.026143642461654848
0.0253101357146287
0.024299776160781272
0.023603931608252193
0.022905054120833324
0.022176797081055966
0.020952888359261512
0.01976883945172958
0.018774557279123583
0.018018777165660305
0.01723709305477128
0.016128405726383743
0.014864023435901041
0.014126758299952968
0.013467740210652945
0.012893214226295024
0.012273978211226277
0.01182512707199973
0.011278381750629729
0.01100200240713417
0.010450262987002634
0.010386880512531005
0.010461114806644689
0.010782350649889805
0.01091620113604369
0.011085894158840981
0.011783161031574507
0.012640773633959379
0.01289648580528463
0.013267246337593519
0.014529829603776023
0.015972479678088403
0.01721754822064514
0.01850485850903605
0.01972843090792925
0.020855648491999113
0.022051277445270245
0.023547619355096083
0.025205915616988372
0.026611604211656703
0.027869458591806617
0.029132075244905797
0.030212883737907537
0.03138780715337447
0.03285214188681462
0.03413288704270262
0.0352704775984829
0.03632581423473724
0.03724654837572394
0.037832992220679096
0.038992026215568576
0.04019568333857182
0.04065542113001358
0.041026786411908156
0.04141548935803302
0.041551960329052395
0.04153487097612435
0.041539010356179185
0.04156810631597552
0.04145065213900012
0.0404984529435537
0.040224432096213236
0.0392360307839848
0.03848937600412927
0.037692421431158474
0.03709561422835972
0.0360380218594934
0.03483653746722576
0.03390305689294382
0.032784758393253344
0.031399428083954184
0.030247430556658073
0.029071638547301937
0.02779270661656924
0.026510554840178724
0.025045943272421045
0.02347575358130427
0.021786996783748958
0.020388867923875786
0.01920122200855634
0.01794635838027464
0.016726187435961992
0.015481560996495503
0.014538404943131134
0.01366562834158691
0.012938231328187833
0.012347961862154755
0.011737025038528526
0.01120982634419182
0.011022607717816046
0.010907024302189594
0.01072316263215023
0.01043123610293456
0.010440408233174325
0.010514204898649016
0.010791725354100445
0.011519486283020242
0.012137201317860447
0.012350081322691275
0.01292752941185632
0.013605334506389122
0.014234598612355487
0.014764646715772323
0.015965543035068475
0.01729578628487788
0.018316126300960522
0.01859195749676279
0.01954143175779427
0.02035808683775925
0.021110255562419245
0.02200377196474268
0.022464601821055252
0.022836494451449474
0.02335910329457097
0.02388504283792603
0.024211363101400096
0.02443821293865195
0.02489209575982465
0.025400272236902
0.025364498114777756
0.024985915451996243
0.024862574272312254
0.02487174723794594
0.025170077906731703
0.02529429921150328
0.024933099324478347
0.02412647203611662
0.023229106091829654
0.02220370907939695
0.02100476293240483
0.020395863926491453
0.02024838987184796
0.019284623191125227
0.01795798273974719
0.017090399693268532
0.01665992047759507
0.016061890149322633
0.015382819313374652
0.014602349456176944
0.013577172283535999
0.013042239605018269
0.012806627649517677
0.012643118012172883
0.012164903838708108
0.011337041727227659
0.01082411573680292
0.010517877184168689
0.010650790455637382
0.010943247419188007
0.01104220803180489
0.010965886977315709
0.011141363918850677
0.01198059251296274
0.012696383650577459
0.01300837477976291
0.013759147053099163
0.014701703714603942
0.015557802417342503
0.01652286017118615
0.01777935404134462
0.019047212110405276
0.020269064893580546
0.021468812692941597
0.022794804747754194
0.0240230571869387
0.025249219680904655
0.026585417970768188
0.027694257024441837
0.0285283526982682
0.029764792074532642
0.031024396941908283
0.0318033523514602
0.032704607996348445
0.033566202345754526
0.03442746012760134
0.03528262813618366
0.035880868533637644
0.036537279185090976
0.03707841794129363
0.03775402447817661
0.038031960583157054
0.03837493548330856
0.03822650850377879
0.03794859829743513
0.037783510584475044
0.03768671713339916
0.03728083519820963
0.036648484287535144
0.036157689261294534
0.035256670955652936
0.03454505391024615
0.03372374289561003
0.0327752765128263
0.03173494519205938
0.03101418267692635
0.030097818083139438
0.029048059384908342
0.027838785123236787
0.026652733762088654
0.02537134298025795
0.02405711892362733
0.022827707900956395
0.02161571534142409
0.02044171177538817
0.01918534320699078
0.01792819318211958
0.016821757267001913
0.015857186250960997
0.014919320221404464
0.014027658939271215
0.013474039074944488
0.01286641896762436
0.012282451569093855
0.01171706630441266
0.011568153795219027
0.01111534320472679
0.01060262918108651
0.010510715448763808
0.0105100695491947
0.010475100137676219
0.010469160952403356
0.010878121278958874
0.011520855968838395
0.011777817873975027
0.012123842863951906
0.012842093764566742
0.01344055133741423
0.013959449761340281
0.01473809852047292
0.015330783709537776
0.01603406016989034
0.017064729834107284
0.017900953504755124
0.01850644739674645
0.01896002031331734
0.019633133058226948
0.020276572673659787
0.02090674247876695
0.021181710103358176
0.02169094673810562
0.02226018856244444
0.022582297250615002
0.022842341270382926
0.02290545025944668
0.022948332823646556
0.023037122986605707
0.022926339420086927
0.022843254400924218
0.02280734143153601
0.02275989319611571
0.022388679378704757
0.021689516116395968
0.02139716778719547
0.020890306832671235
0.020330880746207647
0.019916175212499665
0.019130087631165527
0.018582681516417232
0.0179169839261073
0.0173168081800556
0.016446757686008118
0.015473516327991377
0.014869460588581906
0.014221004240475954
0.013666550064106386
0.013027453064033856
0.01238499345591726
0.012238940213179839
0.011717578533313566
0.011261725977022796
0.010994879900777688
0.010555334574136932
0.010524398049451045
0.010553105132705687
0.010567278695666038
0.010537267478778312
0.010752406840305206
0.011332316493539718
0.011746582714100728
0.012296402629732806
0.012749791545288991
0.013526234558228822
0.014210729833219471
0.015271253108242566
0.016007419908520615
0.01695686744921293
0.017928057978787992
0.019082384587012557
0.020225127086662187
0.02117422735959268
0.02233710561233354
0.023451189976747222
0.024219874132310304
0.025338746343508356
0.026560555703658784
0.02757562707280753
0.028641171684526068
0.02963083465848343
0.030327113619455226
0.031021111391270895
0.031591149380772066
0.032447678027235416
0.032846976196228395
0.033411228648618785
0.033823994407622016
0.034107423252632996
0.03450439593164867
0.03471796995563525
0.03477041199917441
0.03469866297046981
0.0346239865057128
0.03453374281069338
0.034092634710299385
0.0335522425198066
0.033077117292424574
0.03262947751875456
0.03201226890190051
0.03132005760738804
0.030437083409644794
0.02993103380348905
0.02897952693728595
0.027066226359711176
0.025114894135441768
0.024044252231909702
0.022887412637628002
0.021705132128025717
0.020748440564918147
0.01979709626314169
0.018650375705523026
0.017756643784787807
0.01665191043563269
0.01550908289540387
0.014770436013662014
0.014097456677284514
0.01354379530271943
0.012876935128368572
0.012351425325642096
0.011722689218137239
0.011538273030467061
0.011231343813380867
0.01098153988827888
0.010841733538455745
0.010753640014786181
0.010988879234809679
0.01096202133942259
0.011036650878126553
0.01115880666087915
0.011716894540005907
0.012269358838261413
0.012363859639985486
0.012757380666813478
0.013542771596570469
0.014088849360271827
0.014630686590330066
0.015021477491313495
0.015513418289598901
0.01626648846540235
0.017183565332741235
0.0174697458380651
0.0179574283070128
0.018533910264443842
0.018849654548231787
0.019247306767005812
0.01971795986460928
0.01996001294923494
0.020257352213640778
0.020454468695879413
0.0205545236170106
0.020612239356504525
0.02053326303682096
0.020491153446135113
0.02050989846221568
0.020346668680222224
0.02022792071852092
0.020025049619895208
0.01963395403885465
0.019194522203373643
0.018697098397561895
0.018505653737365346
0.018248854734327247
0.01768378138078819
0.01723968863855513
0.01659826861632957
0.015991657107279345
0.015284714675545541
0.014737439013925158
0.014123487191448236
0.013647620630833746
0.013376660982808819
0.0125452194923657
0.012210374295615278
0.011861470094830517
0.01145202704134407
0.011089647216215637
0.010868665857108162
0.010591677571151648
0.010768888979330205
0.010952485182323057
0.011020790914301304
0.011020856043704175
0.011131313564350542
0.011554887647190981
0.012004794550577236
0.012389073086853997
0.012803083948458305
0.013568283578084595
0.014152352332499785
0.015477521180616571
0.01643282995274814
0.017548221153284305
0.018450504443159654
0.01915366308574845
0.020305225035644747
0.021159474126958067
0.02223366270956345
0.0229236447734269
0.023885306583967036
0.02474762182311252
0.025536191410371945
0.026555417775120715
0.027347757978790466
0.02793577796248914
0.02886419469103446
0.029551400211113632
0.030167364218676218
0.03051964394957185
0.030967747609772556
0.03129373134061236
0.0315435955789084
0.031658536731349385
0.031705982782388065
0.03178591635572492
0.03171286350409097
0.03164004458903441
0.031570697639917655
0.03149558428516819
0.031378695347536345
0.03103361772128793
0.030497954728415932
0.0301975097489649
0.02969502079660008
0.029023698169995338
0.02835599931328403
0.02770135985770361
0.026650797236595247
0.02597179257172194
0.025211128543663086
0.024114271714098412
0.023120469353117512
0.02240517654040569
0.02145740410667335
0.02040756506692054
0.01934485523418361
0.01854662252392797
0.017787932112976745
0.016691884044864325
0.015587065764503083
0.015027259450778763
0.014192101691834935
0.01373802742887087
0.012945383510273023
0.012331304472838589
0.011935058786016195
0.011601498324160409
0.011252859755933098
0.010908728785916921
0.010633815621311382
0.01055189092054104
0.010512397207523172
0.010500172679841213
0.010409934164270052
0.010447625242565317
0.010662534018996694
0.011103595953153356
0.011583012369877133
0.011752158411802716
0.011927066464004155
0.012692488332621432
0.013055693540874935
0.01338782769032587
0.014062642161364158
0.01458410783434494
0.015159905930858808
0.015580234537789506
0.01613929281557308
0.016737712028800866
0.017202741451751047
0.017419179380436578
0.017873263477584278
0.01812836432118531
0.018239967064533236
0.018525200259360497
0.018648146240483776
0.01863497854427759
0.01877293357977411
0.01874094812950894
0.01866416528371656
0.018587874916668412
0.018541859187642562
0.018467267929857645
0.01842718539591348
0.01805256521649068
0.0178897467356105
0.017421911129711032
0.017208253761170578
0.01677361039423514
0.016096735112759275
0.015594811315435664
0.015192625897667622
0.014637597325403207
0.014217002085402608
0.013725048145926955
0.013420693533863548
0.012971582764605194
0.012372988190235468
0.012127473177959924
0.011827155478258744
0.011424767175660155
0.011098996279368833
0.010884456456802971
0.010541651847733535
0.010493626505057474
0.010521572196528162
0.010528296764906131
0.010570610794899349
0.01054073728396937
0.010791526087767511
0.011204134575000302
0.011602992817694502
0.011870196205741645
0.01232770737186456
0.012919873810261884
0.013515766220482062
0.014128098591456195
0.01483823900202702
0.015442892422199761
0.01613756226914942
0.017237004327544714
0.018023310431317996
0.0187462911265458
0.01967593593690542
0.02043919087440277
0.021296607498540454
0.02218919173859113
0.02279697764090738
0.023529301217085796
0.02431271076906022
0.024989498550533173
0.025816512300343708
0.026493811334857675
0.027121000822367458
0.027392606719339074
0.027888846285419766
0.02840888952790943
0.02858599174068749
0.02893091313528401
0.02914052242909304
0.029162655774121915
0.029124871961772547
0.029088298710094107
0.029022935478743073
0.028764956600361047
0.02838389361224003
0.027940248396990996
0.027602916486780205
0.02719199475487516
0.02659176512478123
0.02613344853069438
0.025351386161178713
0.02460321825294287
0.023768878461725207
0.023078433141763
0.022359295360908582
0.021414201944355615
0.020671420445694477
0.019871597463548996
0.01887797636377392
0.01804622690086921
0.01735698690919618
0.016563712165807876
0.015559601509185006
0.01493457462531328
0.014282404826348849
0.013688743772786893
0.01303906121622278
0.01237175383619954
0.01213387094917523
0.011713999022247401
0.011224108674315614
0.011020758770377836
0.010836362298763669
0.010652726804447787
0.010514476063050726
0.010484915739171152
0.01046775134390776
0.010442140664136124
0.010446339260529292
0.010600912160298348
0.010942551682369683
0.011238454137744491
0.011624120463234577
0.011843884802802573
0.012146375833691825
0.012448747083104506
0.012932863916549076
0.013388518148721995
0.013884005960943302
0.01420245815083121
0.014575175664153672
0.015063802789406722
0.015465427548596422
0.015792090270286996
0.016108777383963935
0.01662413633289561
0.016866196106337605
0.017033597560641767
0.01726554364535937
0.017339775289464454
0.01733597825822447
0.017307551639201335
0.01731137329930238
0.017305263315371355
0.017263004086351563
0.01717938954853787
0.01703235922401486
0.01669861540683648
0.016154418088989098
0.015987504366344607
0.0156375374409225
0.015077378978166134
0.014708110025732968
0.014263612448584095
0.013975651986339988
0.013574687851585165
0.013243126299483876
0.012896257543937417
0.012404158041619373
0.012239221703287173
0.011939359011306716
0.011602506435625659
0.01121122888310333
0.011008188245553885
0.010645747900046576
0.010485808042604683
0.010505197815041056
0.010489545598419192
0.010515087086170105
0.010531802722876904
0.010524862907151045
0.010822327020075961
0.01114095793292319
0.01155346898904408
0.011816100884309066
0.012281725526017695
0.012824429670730442
0.013437472181358823
0.013836820501127667
0.014376232993136118
0.014953799390973133
0.01550801178172495
0.016135878038912088
0.017175009643366934
0.01792210857537313
0.018535932926414922
0.019211599420204895
0.01995485015771986
0.020891037854293415
0.021511451153731542
0.02222800181081175
0.0228298104034787
0.02343663089526754
0.023906029147813868
0.024628602392778476
0.024961855210778205
0.025415368263999427
0.02593216289770428
0.026153064566976858
0.026521331220573485
0.026641536553150658
0.02671009455643991
0.0267916483127143
0.026715558570871323
0.026633184253860354
0.026602415984952
0.0265319746305529
0.02612204421218961
0.025858788087276374
0.02548673138979557
0.02495538242413453
0.024368081400327646
0.0236961212283312
0.023394666306623457
0.022861084452952485
0.022237312838452428
0.021576474140317103
0.021006260916846542
0.02033638662717352
0.01963123539784778
0.01867678436945891
0.018062456449218167
0.01733653538236296
0.016614716605394764
0.01585045692278042
0.015262566887998374
0.014762875683138055
0.014184548232191951
0.013613243701341315
0.012965126738382904
0.012443686525596354
0.012291737064702435
0.011858703427645056
0.011402020579172778
0.011139994004168374
0.011009469372122715
0.010969480095711082
0.010936202543404439
0.0107917092609906
0.010872903582464621
0.010973545879217728
0.010916210111637403
0.010979711305420359
0.011132349408105424
0.011345291598580387
0.011606954428938998
0.011883087251654767
0.012244882183536199
0.012379036943648725
0.012507789230243649
0.012969489828494107
0.013440629625357026
0.013591479166273845
0.01376261558167502
0.014185126457997577
0.014760445845903247
0.014882963727390175
0.015313844063088888
0.015526950993044297
0.015606597251756504
0.015627937511973167
0.01582012901537616
0.015982929571832005
0.016006560589026053
0.01601791632505939
0.016031489409328692
0.015984280972417275
0.01589888054512195
0.01570075618094191
0.015410585462984183
0.015008779815232964
0.014779660118414417
0.014667994482032598
0.014310738055291261
0.014030674401898924
0.01363757209719868
0.013492399655243292
0.013120385054050443
0.012674844889131676
0.012339233731649135
0.012279935258709518
0.012167307629601443
0.011690315586606437
0.011278630324971062
0.011104727416178517
0.011012151356348254
0.01067439711243312
0.010546240579531685
0.010627346795290538
0.010569536863250628
0.010543636130892708
0.010523208743252355
0.010564793305472775
0.010906092370943254
0.011099296335380315
0.011265971793611551
0.011698266285040115
0.01223737434969735
0.01242631976277997
0.012924455952322389
0.013467383575495762
0.014040011765117488
0.01469149764618699
0.015194517581140043
0.015635767968130654
0.016219285593715216
0.017169032170953558
0.017848988382053455
0.018498212318100116
0.018950608047810125
0.01971008832882415
0.020366059873305697
0.021004964091774714
0.021434045617206632
0.022051376733647265
0.02253675983356307
0.022936903691294586
0.02339526227277472
0.023604031662841307
0.023951783388783177
0.024216877375658752
0.024461775566419874
0.024742647970617537
0.024878347728590156
0.02485943253601236
0.02481126857262933
0.02477113652643198
0.024748148122523628
0.024654473124922305
0.024429014888787293
0.024167788125239342
0.023857568733740342
0.023628478084875948
0.0233864711920585
0.02293508244796294
0.022501202223152716
0.02202999485481444
0.021303090400006774
0.020944579629048887
0.020305702633832023
0.01975738910829411
0.019068424139696893
0.01853580284000933
0.01786088936992969
0.017315557792311642
0.016513826073840165
0.015956896725177028
0.01540889508764115
0.014896873290462964
0.014326481862301399
0.013794583347175315
0.013336350818655973
0.012852865282239168
0.012604576196121264
0.0122512875515835
0.011737558741301501
0.011465988467073862
0.011304952209245378
0.011049781341540443
0.011004891676942907
0.010990838396507496
0.010928465276888233
0.010963796437682194
0.01098915149347246
0.010958456043399345
0.010983495383219744
0.011090044564200263
0.011202002935494448
0.011409127527669927
0.011724242046032674
0.012164860669883926
0.012325744370344727
0.012370116322904356
0.012514012897555549
0.012868559083722919
0.013244530609225702
0.013558555162683339
0.013715919988827985
0.013868663449035867
0.014129279137981399
0.014254280533285313
0.014624399726125059
0.014810342209979843
0.014809365114411555
0.014882089800036191
0.01489401246288663
0.014936074118421405
0.014864717935438698
0.014830812837369922
0.014833936637085654
0.014813270835755288
0.0147899481173569
0.014726616654621494
0.014668665408627102
0.014449756331329722
0.01408020813561045
0.013845017241084612
0.01361533020442024
0.013533419549648873
0.01338738959631297
0.013013191194397145
0.012606716724540057
0.01232523046289108
0.012249246590931684
0.012202361643328496
0.011847813119813144
0.011532256178344469
0.01126219526884864
0.011102666317051368
0.010971523367611036
0.010631421011914999
0.010576439397074533
0.010615437846601017
0.010533674759218403
0.01050846602282407
0.010521235444954535
0.010553787321731178
0.010624293538086804
0.01089467478532119
0.011098680340874412
0.011450165356201303
0.011805399890915003
0.012273125641603266
0.012393001036498985
0.012839456632735002
0.013432399952750473
0.01381771551517258
0.014225483328656696
0.014733395962692575
0.015284541612646418
0.015918032725728393
0.016336865570186987
0.017124341330325088
0.017640024502318608
0.018374145758492055
0.018681538079446558
0.019177897657419396
0.01981426704207917
0.020311819666122166
0.020783104575875955
0.021113202701255718
0.02151633578762746
0.021910051247231166
0.02220640828185294
0.022387049143654303
0.02256891515244097
0.022829102846265825
0.022915581431943277
0.02298317983967696
0.022955512804362033
0.022923842268010974
0.022898869563985513
0.022884801407684507
0.0228202373029901
0.02270582488220474
0.022617186059809058
0.02248308808494076
0.022021708937789375
0.021656703845975345
0.02139410119783486
0.02109706287146057
0.020505062508303695
0.020194611030701637
0.019689579815983516
0.01911398089778904
0.01868410221442357
0.018020485321072366
0.017647642839346056
0.01697862896500374
0.016459625998470118
0.015964376551481807
0.015434349004065706
0.014991397516551652
0.014385460840684594
0.014038816348030336
0.013632302355260473
0.013051463094025051
0.012805288680019289
0.012643453283080142
0.012276200666008874
0.011766949014307027
0.011634490519682905
0.011552132281047234
0.011350153426794851
0.011101263627279312
0.01108358025721562
0.011031646931910832
0.010989795915241907
0.011007031201035633
0.011022956584833432
0.011003951567169601
0.011052746848072337
0.011140436066355341
0.011227794094926247
0.011501872776576716
0.011717086809446609
0.011865385613494928
0.012149084156389156
0.012334565397510155
0.012398091952291801
0.012442511949982304
0.01251237024137819
0.012927168511008336
0.013312793264936729
0.013500542096935741
0.013550411703995235
0.013622909854279108
0.013700676360691388
0.013655512059977892
0.013658664896700923
0.013737814545512539
0.01377741626581025
0.013650430701442728
0.013627976001073738
0.013597473779922598
0.013614755874212348
0.013553500253318473
0.01355940402844541
0.013534829821235606
0.013490193594847155
0.013448327249500847
0.01334874397472069
0.013089175152987464
0.012776315583758913
0.012416144032420806
0.01232569879358908
0.012272674354476543
0.01221437741045095
0.011919655466247181
0.01167669427021173
0.011542871272969824
0.011237785707184367
0.01106739702523174
0.011000718812163801
0.010897232416247904
0.010870522778236746
0.010975423171130039
0.011020709550589258
0.011035239794507212
0.011047020736917434
0.01105665048240212
0.011066489416366287
0.011140371591000953
0.011296381458707316
0.011348148558617988
0.01158045676299696
0.012099983125046843
0.01239441113776446
0.012479972586990684
0.012716183764420519
0.013373793302553172
0.013693063044568299
0.014081644626396772
0.014480056081588477
0.014968943897819664
0.015420624005617722
0.01590101207143335
0.01617630603733622
0.016734824521786817
0.017352825949409567
0.017797902110842978
0.018347456808495977
0.018657714627799082
0.019004006376879157
0.019407198447859875
0.01982734395116792
0.020105797608115372
0.020392534026253184
0.02079449499483288
0.0210325544459814
0.021136610183547566
0.021130802702003515
0.021171492199503483
0.021135535543773287
0.021095270420928625
0.021062331174164173
0.021059361831012757
0.021023075183046358
0.020988064983758603
0.020919626518552614
0.020758672242764342
0.020433874195202595
0.02001119302858967
0.01978511745844408
0.01940035563761422
0.01893517239498671
0.01861901321146958
0.01829948536891335
0.0178684761808377
0.01742348615398559
0.016970628445980518
0.016250857147099063
0.015943625127244954
0.01546231489924288
0.015072716834228728
0.01468512150269674
0.014159272934694545
0.013723904115657493
0.013507962529676842
0.013028110671947424
0.012551895303912819
0.0123391938692759
0.012168725520973867
0.01181209271737288
0.011578508685674005
0.011245326625650254
0.011081962918961297
0.011038601331344322
0.010986068288518669
0.010890835907849117
0.010967375735979445
0.010986523805116
0.01098114680305301
0.010972272991239707
0.010980005783927382
0.011044453982955005
0.011123626009728493
0.011205270687711877
0.011305178970551166
0.011489012395877296
0.011704835151078008
0.011916133643920912
0.012111042565222774
0.012292891421300578
0.012331462343477595
0.012389114622900599
0.012386375372702818
0.012417180384949655
0.012611430890545228
0.012777464217279377
0.012955281964167953
0.013004088475013442
0.013056054872326583
0.013061227533887443
0.013051862555656046
0.012997407896487068
0.01297247437580712
0.012965224565397948
0.012923754053114633
0.012890114552150889
0.012822735085062764
0.012761758727536154
0.012571639197615558
0.012338974805231051
0.012302199989018436
0.012261859737560443
0.012225117528864016
0.01218121973992664
0.012072397313897587
0.011756518724342857
0.011611045629729144
0.011507556896978188
0.01134527555601389
0.011115492439905728
0.01101658495684632
0.010933126440333785
0.010955217922785254
0.010994898101181094
0.011019717095005432
0.011015267707032983
0.011041350533862737
0.0110691770998535
0.011073763427218997
0.011084709277167648
0.01117363712104219
0.011301622775986897
0.01134720790306476
0.011543786287524394
0.01189992944519197
0.012262078163839285
0.01244056033192803
0.012500707350605378
0.012861776184354246
0.013406213986390192
0.013651875528010005
0.01401238720427378
0.014355317665033951
0.0148296368034595
0.015276576515891427
0.015485285168147844
0.015872069766292074
0.016275452481606334
0.016771671810277
0.017257662528572082
0.01747282275110784
0.01786371809663939
0.018185223450582322
0.018495082356592085
0.01861537715121614
0.01880297530758379
0.019087189978653052
0.019293313473090212
0.019481381235763373
0.019739872838965167
0.01979979911766272
0.019837384893146903
0.019817890938898963
0.0198049496992993
0.019775783060381302
0.01975079163015503
0.01970173543417658
0.01960420754008263
0.01924246843763755
0.019062761855630106
0.018795534692002958
0.018542239893107215
0.018360966716525096
0.017995620526688016
0.01770352864161362
0.017381805887270285
0.017081246177493625
0.016543861791210257
0.01614432512330899
0.015818438400478696
0.015428183345044255
0.015108366136446616
0.01480427814679841
0.014337793175274394
0.014028126092212934
0.013789247386851944
0.013440018636729667
0.012958020572204243
0.012749573363985856
0.012619270237956337
0.012423604972843671
0.012151323871845143
0.011777503950203272
0.01159737079494827
0.011515788493033252
0.01153396338335283
0.011457154885527954
0.011435239066840741
0.011487727706478823
0.011524012337678302
0.011531635700925191
0.011526530493049858
0.011552923386085157
0.011585051292968052
0.011605483070209033
0.011623703594596912
0.011677603544679782
0.011726791176266405
0.011788401402980209
0.011845211434714065
0.01186120156842635
0.011819483303674272
0.011963094534961749
0.012179437283304118
0.012386848354446978
0.012401750854276694
0.012374443003787094
0.012424969965365518
0.012421177626657898
0.012423307325474697
0.012362275379618703
0.01234813801447393
0.012386566233861973
0.012356016376821322
0.012343693367890707
0.012337830108256398
0.012339160068615684
0.012322103689461517
0.012303322742890754
0.012291618430009199
0.01231858216132381
0.012312799402510732
0.012329351165309588
0.01226835161179457
0.012213411704936283
0.012224544788278224
0.011915011477564408
0.011720734850421022
0.011644111533349433
0.011493994342856695
0.011438462835161312
0.011506292216122482
0.011370464278471215
0.01103934999545736
0.010980144093323985
0.011095421378667869
0.011072013971357153
0.011032057983758614
0.01104863250112914
0.01108255530772323
0.011094298760009003
0.01110672063231638
0.011080984725086729
0.011125335477765508
0.011267597453952505
0.011464537876775982
0.011599882218816582
0.011728176989293071
0.012215130431869226
0.012477773391381897
0.012670377584179882
0.01286191716978835
0.01299727455799593
0.013557648105146425
0.013877340231594482
0.014127656957490686
0.014291097539670006
0.014796675083374011
0.015247900640902978
0.015437076971860031
0.01564749111445074
0.01600139555614183
0.016427734226879598
0.01665140550080385
0.01705400303005339
0.01748678969305839
0.017794622123335713
0.01793824924255416
0.018028979861010652
0.018118360707335412
0.018402812252973966
0.018574084910785327
0.018688793706580886
0.018652414695076447
0.01865546107365823
0.01864044932181841
0.018623005844367713
0.018579065143572326
0.018581503327278925
0.018535481330818726
0.018522205207780806
0.01844224411785489
0.018440786927141573
0.018290997779203122
0.018026959210071414
0.01779763156603703
0.017582042755083627
0.017287347577210288
0.01693502089807447
0.01647517073813859
0.01618388873418447
0.015979174083224412
0.015575675070019723
0.015345279953422775
0.015010959199079243
0.014699406007014693
0.014280376561544295
0.014033984427494484
0.013786417271918594
0.013506980248879918
0.013058263202917697
0.012792043594765545
0.012718079924755155
0.012549496794678594
0.012288737639802372
0.012140143286384297
0.011727964329717122
0.01157136871085862
0.011549194233811844
0.01153132942195828
0.011480726998492008
0.011339686355477718
0.011187716179567375
0.011128897306790453
0.011117652465816308
0.011039158260621462
0.011027692882661533
0.011036265060366868
0.011055559057693565
0.011024201979936366
0.01101653626660154
0.011058999229130895
0.011138421375176566
0.011245565738278618
0.01122163034250967
0.011256568504754372
0.011308544456350877
0.01150267367208152
0.011646674374743315
0.011682136795679643
0.011709941109366295
0.011800032914011938
0.011942848782566906
0.01187183190011254
0.011820298197954049
0.011781484802534326
0.01181254333234727
0.011776491884501028
0.011753523499861418
0.011734640282020647
0.011716818334097545
0.011707561634035746
0.011683066514326879
0.01164864861011955
0.01159464653965897
0.011587343551777096
0.011568245246978637
0.01154698692773748
0.011445876187306636
0.01144976204077952
0.011500184832554217
0.011515811304928958
0.011454199401697618
0.011227256473823166
0.011122253414060979
0.011090986973709138
0.011092461345364124
0.01108137198212722
0.01107741693894626
0.011072234665576941
0.011069213852274051
0.01109095273647659
0.011091191212536544
0.011096434647301479
0.011081594400377093
0.011134443920866932
0.01122847838495683
0.01133530639699487
0.011322645960471056
0.011579227042541329
0.011938537823200257
0.012192623340599285
0.012341310038339937
0.0123971216308017
0.012528904310891154
0.012897840459544396
0.013250269596065012
0.013567586842620716
0.013646640599607462
0.013942258146719622
0.014293617456054952
0.01470130499249267
0.014882853444702193
0.01504539289826995
0.015366590676700709
0.015561898127365859
0.01583881718786323
0.016050823970585493
0.016180779950628943
0.016543030185151852
0.0167766020150395
0.017030596264522246
0.017251152609470577
0.017328718857039183
0.017341797552591298
0.0173254924081499
0.017332265501120325
0.017320072769142547
0.017314288450695547
0.017293384620488572
0.017264499716763804
0.01724759804745768
0.017178124632979408
0.016880911966449752
0.016585587517850386
0.016233986764087938
0.016049460101587587
0.015934808588576765
0.01578369962124626
0.015502623470507848
0.015229596492613351
0.015021220795508217
0.014777637298988955
0.0145613279936736
0.014177719978927139
0.013966912478646787
0.013783161645611552
0.013539522950385796
0.013209581926786451
0.012872215903164619
0.012685136483153447
0.012646023271256357
0.012663471483974065
0.01240797966126106
0.012129474755613434
0.011770108523437128
0.0116563948549811
0.011625791899829041
0.011595303828833725
0.011521742262478762
0.01140324435711254
0.011559523034191888
0.011595085533006921
0.011593786222838853
0.011547110626108747
0.01153789461188759
0.011576686135200631
0.01163071240175978
0.011638215379774997
0.011634385619199494
0.011625854189821816
0.0116277855918277
0.011650900154073274
0.011685849279437943
0.011711119263503711
0.01175627497431525
0.01176985307834122
0.011767469178665446
0.011732408489034563
0.01175327802049908
0.01175893263785266
0.0117899071138311
0.011729167977200805
0.011767915809636986
0.011740688089108164
0.011734359409036887
0.011721537535303028
0.011723626454556768
0.011683010550038564
0.01167071183971563
0.011652702740331089
0.01166417954877591
0.011597815509673093
0.011653412024899279
0.011623602449678083
0.011628016403603947
0.011593112281166051
0.011598629656666137
0.011543919460471563
0.011466182817840676
0.011495866341442673
0.011563163986933134
0.011599518389437735
0.01162759399893798
0.01162961702130444
0.01163634131694663
0.011627493963063729
0.011662278257007608
0.011674983322025767
0.011682016204747847
0.011678778325732442
0.011686952836401365
0.011711420663706673
0.011711410614582363
0.011749610923938558
0.011794454212753547
0.011783242309827469
0.011890952358870721
0.012168272930838497
0.012470312300280062
0.01270937770426006
0.012900240301451205
0.012924461608070592
0.01297195983028726
0.01326629215982611
0.013626110688120363
0.013932875082274254
0.014117093719991036
0.014204716189678057
0.014518927944876747
0.0148198159068883
0.01493757022789094
0.015225054470857868
0.015406520728707185
0.015523508703332911
0.015854909905728687
0.01601202541803376
0.016101534973373743
0.01619777408207218
0.0163067046967052
0.01625888872803727
0.016223955439590543
0.01637847196104797
0.01659361668115844
0.016642972308009707
0.016661800774193603
0.016660064692452625
0.01665316992278193
0.016616174275395745
0.0165542090819617
0.016546722707939665
0.016494070841278463
0.016541464793935756
0.016417823957782518
0.016218476654370706
0.015993215354791868
0.015872534100357327
0.015544182130182771
0.015411076535727541
0.015292290245576434
0.015142467798709758
0.01490410435226236
0.014430961637745265
0.014187894927092826
0.014094333095110878
0.01401633281947251
0.013838365794811402
0.0134226451628216
0.01299874149411051
0.012913625570107112
0.01289680695578499
0.01285211796122071
0.012642767856149206
0.012471798290726255
0.012178246720658703
0.011831689462935668
0.011711503457739691
0.011672198336401263
0.01164541804664726
0.011598887623257781
0.011510432384275737
0.01158462531283394
0.011611711979867323
0.011632959770702556
0.011623004759136024
0.011584523149458681
0.01161586085551386
0.011600563587285673
0.011614359008851494
0.01161850389367558
0.011633137114711867
0.011635838489260197
0.011624553943257343
0.01164273795114451
0.011636666301421239
0.011659619168179036
0.011674015739914667
0.011707887275722806
0.011736217314306852
0.011737264214732313
0.011753222754354586
0.011750744484641806
0.011734142823530525
0.011707034811322903
0.011708623451331335
0.011696730223881513
0.011707233483875479
0.011694193232630379
0.01168724996280529
0.011676423475614539
0.011670770649766793
0.011669274620859094
0.011662382777376135
0.011655564083933534
0.011646906170184268
0.011602125055118151
0.011567534172482297
0.01157227043320691
0.011569635974019388
0.011543485629903039
0.011599421593498027
0.01163487788901657
0.01165047338207803
0.011650845773974183
0.01165142723451329
0.011640619684939013
0.01163984380729366
0.011689637169639111
0.011708444657316963
0.011697868147971024
0.011682629874031347
0.01167555712507412
0.011696428646517376
0.011740047189649161
0.011766140625714072
0.011771455608113213
0.011780270875945076
0.01186649956965169
0.012219484843721817
0.012396359422044867
0.012463441066008829
0.012768027411250549
0.01289452992795953
0.01291993756461468
0.01295934919341074
0.013144597514657963
0.01351991970784866
0.01367304344414072
0.013921354465502134
0.014093110153814203
0.014189586067886395
0.014327437604640392
0.014540792090924015
0.01478587641716822
0.014917363936678418
0.015114464126110172
0.015354155143814996
0.015416295230185062
0.01547781316004454
0.015501021827816208
0.015611620251237246
0.015639108189148987
0.01567727180604145
0.015591565587779355
0.015636007626902426
0.01557648841663306
0.015501770764957568
0.015474259938043744
0.015462003350222686
0.015461530727104378
0.0154384223308352
0.015427559351281983
0.015412848077115016
0.015411744641499747
0.015329213708399736
0.015281590261498168
0.0153025903595152
0.015239321735424305
0.01514722019220216
0.015113690486567466
0.014999283265435426
0.014742405607305553
0.014584681082569273
0.014296057607738721
0.014125114802439553
0.014063847193325485
0.014010227416852539
0.013928329762049552
0.013693256706325208
0.01342646178199125
0.013046553196114141
0.012936633588444602
0.012907359269854424
0.012878680381877339
0.012814487754646442
0.012701280106059865
0.01239821755792253
0.012199896335869376
0.011927094413096029
0.011737608894399287
0.011680318690471925
0.011643238762600205
0.011587431738358522
0.011600942540622383
0.011555967540952228
0.01158713830303404
0.011642822914951223
0.011644325614455664
0.011622575263397605
0.011613483175532457
0.011625571161932136
0.011625184169893332
0.011634667638296736
0.011615188316135117
0.011613973943335243
0.011654732718744176
0.011638661398795602
0.01165310346637316
0.0116319075503587
0.011635899141413497
0.01164841307989245
0.01161787247298729
0.011650312700027088
0.01165776243557548
0.011674445828984636
0.011688483518939308
0.011694708660727304
0.0117008813712845
0.011702468794551057
0.011705761685699423
0.011697107324583511
0.011691713234751544
0.01168700355082708
0.011679885688706926
0.011671111123743083
0.011641622570575771
0.011629034380742975
0.011625512565878349
0.011632061575236718
0.011555465379581353
0.011606793633928969
0.011611571576630009
0.011605041348669465
0.011637358993674296
0.011656260979198474
0.011676591856453034
0.011684000356537938
0.011651198726391476
0.011670474413432885
0.011623919795968163
0.011665628189658328
0.011683993792288905
0.011688862386710297
0.011698297153884207
0.011692920086117609
0.011696440306445455
0.011696630425103327
0.01168949204581532
0.011696608954437748
0.011726005700211983
0.011754453559813527
0.011763035548672418
0.011751770244170123
0.011774929591657768
0.011863674495507237
0.012056965247456919
0.012317340340917915
0.01242682745146012
0.012586355836627261
0.01275307669802539
0.012881621758723039
0.012914097136758229
0.012915523868198608
0.013035971516307643
0.013401071888548
0.013620710042226702
0.013712790249019668
0.013758330577266165
0.01380565340679879
0.013912352545590423
0.014129349927776869
0.014195350870330636
0.014326611578305282
0.014346424674249958
0.014431974012635518
0.014518059167867192
0.014743603776064096
0.014799485595779427
0.014831034515194741
0.014862031259284758
0.014923969646460644
0.014889839186329912
0.014860706528442347
0.014853395666105995
0.014958151227881633
0.014839482851001895
0.014842564449286555
0.014827896893134962
0.014828493335340198
0.014800589281206533
0.014777495322036649
0.014773132501565422
0.014754771799222077
0.014707827110710614
0.01468544757194129
0.014658450031382275
0.014500218394578435
0.014322177646009626
0.014200855910291244
0.014126674575159148
0.014043420162467568
0.01404219853743921
0.0140458919016212
0.013924238020936341
0.013702557788846104
0.01346526760443556
0.013109681706171272
0.01296467082829833
0.012932631082683055
0.012896891776554231
0.012880991329381863
0.012838742980597617
0.012796085562443715
0.012555537268295336
0.01223928760569215
0.01208853988231856
0.011884630762805992
0.011717858011583204
0.011694152824122006
0.011667070798812407
0.011642449076387118
0.011606691166949512
0.011599982223785221
0.011549256655977613
0.011622701264513535
0.011655899459033892
0.01164686179970048
0.011645746243841626
0.011619989274507025
0.011604354768127934
0.011622224261638447
0.01160682234801702
0.011605207988012234
0.011636178111488094
0.011651931607383648
0.011653742274613743
0.011659759314581242
0.011644918873024324
0.01166464298309633
0.011652256582404208
0.011653578076276316
0.011643181414805859
0.011642209550151383
0.011645788218060282
0.011645785326536984
0.011666459631163917
0.011629458207290333
0.011662439230780863
0.011652289891730505
0.011645829785192907
0.011654427394938938
0.01165375029619925
0.011664443540869152
0.011669426694916385
0.011649719511044099
0.011636661884175947
0.011671228511018983
0.011657114599064655
0.011662658211542332
0.011663790580961564
0.011679044839511932
0.01166045753479722
0.01166360604336475
0.01165302374187005
0.011676011363537853
0.011670577917343827
0.011656781590395793
0.011673054028505103
0.011668167876129232
0.011672874849989356
0.011669862934556907
0.011683007222644315
0.011665770254082886
0.011693256316228806
0.01168228340062566
0.011689130692079497
0.011688377232454361
0.011677567872362904
0.011679930019715734
0.011675762834716774
0.011679972378017711
0.01173078462777949
0.011761567202135781
0.011750499289254535
0.011741502014756322
0.011745484722362587
0.011813568097622629
0.012021633255493158
0.012269207683647698
0.012348440619746104
0.012507436532882554
0.012669038328586568
0.012849077246497975
0.012894893445280053
0.012922964473128573
0.012951595173950059
0.012969999454727987
0.013052552088364644
0.013196092457827269
0.013305093389075096
0.013573054501924808
0.013629883236902063
0.013674531706957205
0.013693514533309581
0.01367852141500564
0.013734094684894393
0.013743433964423957
0.013751550495003484
0.013770995118534635
0.013827267564738843
0.013784503109686652
0.013784266395951372
0.013828394597755034
0.013773157087977717
0.013736482435476094
0.013690417323799775
0.01367468784288517
0.013637601467220872
0.013580001636481931
0.013590218353551675
0.013583129472016842
0.013550330266106692
0.013533529400836075
0.013526388836884395
0.013508599228691243
0.013504445852935809
0.01350602479664692
0.013491911665934164
0.013472742380017166
0.013473327747844155
0.013368405483439039
0.013346640403242571
0.013050666534822286
0.012906179802049278
0.012843160548904553
0.012821326929910004
0.012828738194327116
0.012807806906549812
0.01281914905541004
0.012808387250187181
0.012664128601710123
0.012613844222223947
0.012347217804581201
0.012206004166954276
0.012084189913167676
0.011836501391079335
0.011730575897894613
0.011697696401563595
0.011659223010359987
0.011636077660836963
0.011600289884282855
0.011597323508265367
0.011591981294728104
0.01159962449675328
0.01161508784290377
0.011646042670335699
0.011656736307268378
0.011650862756978186
0.011648893286436202
0.01164186012867291
0.011632215511126476
0.01163246318756922
0.011639059260262485
0.01160620970261328
0.011631539360724363
0.011619768112569706
0.011605436360629773
0.011665276818247694
0.01166126405955703
0.011668033147499257
0.011660766232801434
0.011668933269192105
0.011652419600228336
0.011668926112636535
0.01166870082985566
0.011658519898948172
0.011656941576664748
0.011645378128081973
0.011653020194967334
0.011644316890869477
0.011649621319437031
0.011653919986568562
0.01167010234096344
0.011673771458416415
0.011675353581578118
0.011661728828643914
0.011657103040465355
0.011671624294581517
0.011660181805768222
0.011657977578953371
0.01165743469733771
0.011657957664120755
0.011663639275345195
0.01166084669642603
0.011669614428294561
0.011681880232098929
0.011666651520558458
0.011645978401846946
0.011685263591099115
0.011672239837404341
0.011683839403245022
0.011679662056593432
0.011685213743189926
0.011692289723779337
0.01169565185504462
0.01168266521570116
0.01166481382143153
0.011669211891331133
0.011676911765076459
0.011704488766954124
0.011727171366265776
0.011746360051428761
0.011745692950324127
0.011731423847251288
0.011744247578184874
0.011759693547569061
0.011754728696945327
0.011872029752275803
0.011986669721829157
0.011981112844799968
0.012021641333458455
0.01230858929414791
0.012408331656428906
0.012455965129236302
0.012453724096594121
0.01244478494422524
0.012423296957079
0.012434746313686906
0.012436973049385847
0.012501681071372894
0.012712025177014752
0.012919664318486457
0.013008664111387347
0.013010223120400732
0.013061222511076997
0.01306705896474103
0.013090162517954806
0.013061428972064248
0.01309586798643142
0.013057473257874819
0.01305064218414459
0.013048859674418878
0.013035021783947665
0.01302131344375923
0.0130047768743064
0.01299260240964234
0.012987498269141085
0.012978513475301046
0.012973687818805146
0.012957135876705272
0.012946989673837672
0.012945452061803142
0.012938091687138498
0.012927708007281047
0.012912840066951092
0.012901163058837373
0.012899797685035075
0.012881519102234229
0.012836141870827766
0.012778123023605259
0.012765995709150435
0.012736509102083404
0.012744287059347936
0.012802675938653418
0.0128160235430963
0.012827620024627506
0.012831431120386871
0.012828815719423514
0.012788270637836885
0.012767254299053177
0.01270853000437766
0.01255083212222119
0.012322712115273138
0.01221908406159583
0.012126097219177012
0.011931319093860138
0.011759381584446116
0.011704722215693075
0.011686736770120276
0.0116728201752051
0.011636609259609465
0.011610761578044082
0.011611722676003355
0.01161533939356374
0.011611965598450846
0.011623837184118746
0.011637659228165065
0.011652130186153908
0.011645576687383974
0.011648824209956776
0.011650733944456981
0.011652398133522646
0.011648379373749185
0.011635734431756362
0.01163743908768522
0.011639405915209622
0.01164660672561918
0.011646809017461457
0.011652534219325994
0.011624751986781312
0.011649908070664239
0.011658923791216524
0.011644939535369603
0.011642919549890107
0.011654302933472027
0.011648274053361496
0.011652324825913829
0.011655111320198863
0.011663433419369984
0.011673936349382907
0.011646308042532971
0.011661180531111537
0.011677154103756582
0.011664223534924412
0.011657058728342828
0.011676582072161434
0.011666857396136598
0.011673709879752359
0.011673502857268092
0.011665476057331592
0.011668058646640889
0.01167676090551395
0.011678759408891126
0.011683327510140507
0.011679359048342108
0.01167775407813143
0.011681344761010348
0.011679938243102705
0.011669708729157069
0.011664986333481009
0.011675689839258985
0.011673502057622853
0.011675345990337427
0.011687155100556179
0.01170968639342157
0.011725145987983354
0.011730724370055623
0.011721240064066052
0.011725076511235333
0.011728690641842843
0.011759154553748596
0.0117667340246278
0.011788506922105146
0.01185363149163321
0.01195494295052929
0.011998490602393885
0.012265695314208624
0.01231411808304056
0.0123675972761223
0.012419661837805407
0.012434408965380728
0.012451564946984961
0.012431027487380841
0.012437223389265506
0.012412974686349332
0.012398171388717627
0.012408763634818243
0.012404129695908317
0.012473152984732727
0.012513695843993922
0.012508543129537142
0.012492568720868069
0.01261195677290411
0.012530961928507112
0.012515336685935352
0.012521485964706536
0.012465399997918125
0.01243498087130901
0.012408478251946131
0.012389599735234236
0.012370839914412401
0.012377544004752827
0.012336756258570447
0.012353696976228734
0.012313009777266348
0.012301103445883754
0.012300475586403847
0.012290763303237917
0.012302571221422698
0.01228704009701359
0.012305763432732597
0.01230874955861544
0.012300451975654825
0.012296926358219995
0.01228535357445748
0.012287330225991933
0.012286534343928568
0.012259994881606062
0.01219548962273137
0.012203264415539872
0.012190003204123279
0.012173109126519588
0.012147006038740582
0.012062574618721289
0.01190577909436391
0.011745000711523845
0.011683307847834445
0.011658934915578623
0.011630746476214981
0.011648776855499587
0.011644306222056477
0.011626815758865594
0.011609411970072592
0.011631790591099478
0.011585799876842384
0.011591500282298772
0.011588758813443234
0.011637247265213535
0.011648794380155814
0.011649728534708803
0.011652366081491672
0.011671545680467466
0.011674496378005772
0.01166872558511256
0.01166585965976058
0.011670121069562722
0.0116616657859539
0.011656424947147692
0.01165416616267545
0.01166471424004023
0.011657473618147896
0.01166168057013306
0.011655786747862884
0.011643921710124794
0.01165507075723815
0.011657204560441559
0.011650998616706876
0.011660522586400712
0.01166420713280758
0.011658445250885663
0.01167961290240288
0.011674307269684436
0.01165721878012188
0.011677606065623847
0.01168434464693574
0.011688000974277246
0.011680067846909392
0.011676034263326973
0.011679592892883617
0.011694128342297883
0.011684358553121499
0.011676088900794468
0.011671701552141533
0.011673530102145113
0.01167321083469891
0.01167086046257848
0.011658897491901465
0.011686755101744717
0.011725618984926134
0.011700239361376819
0.011709352136169193
0.011713521846015706
0.01172821214288261
0.011719584288521934
0.011710383648314449
0.01175749110637414
0.011762562013572564
0.011750248367914107
0.011759442429117084
0.011829096384887827
0.011856594767902517
0.011811496820687106
0.011840409883403236
0.01189811897073284
0.011815796907991338
0.011845539471177169
0.011871052218727085
0.011845822570378028
0.011850646477964466
0.011858514061732495
0.011856004129240816
0.011837785787795152
0.011820558435056139
0.011824606799149096
0.011804304040151814
0.011847410213439491
0.011812049786302292
0.011807740147407875
0.01179700101149228
0.011794106770348478
0.011780519184714011
0.011780560523736383
0.01178490842139518
0.011785778044425377
0.011760286835792444
0.011754058658840327
0.011780595815290063
0.011771900574888305
0.011743180411279808
0.011760227924808186
0.0117525632650467
0.011747925439257234
0.011733542545150466
0.011723501578034534
0.011731090290140911
0.011737508055783608
0.011737737049677177
0.011722767108892806
0.011728489456362123
0.011732544719571303
0.011722015354216575
0.011704051342320498
0.011712973797713355
0.011704862501489666
0.011694906885595102
0.0116952942188695
0.011692170301118965
0.011680339448661536
0.011671490354516034
0.011670324326318704
0.01166742440679086
0.011644108768381178
0.011664909435285586
0.011639600779350001
0.011618942156878198
0.0116143498767447
0.011611121726938844
0.011592092817166222
0.011599402710352369
0.011595038534703561
0.011583323297212345
0.011604586113676818
0.011611350074215487
0.011628502324749157
0.011627645564311895
0.011624274931196554
0.01162146506424927
0.011613146555116971
0.011585685362384968
0.011617580713966402
0.01162445160933312
0.011627615203297692
0.011629600747415647
0.0116375644290177
0.011648466221726883
0.011655662040934933
0.011660653661075382
0.011661634403174415
0.011663862964434724
0.011668133345996645
0.011676633712601858
0.01166891985941515
0.011659183146717267
0.011666768600039623
0.011674280576164875
0.011667161107821789
0.01166588626538101
0.011667770987649317
0.01166924462354646
0.01166998576334205
0.0116696228554945
0.011671350935675395
0.011670043895429416
0.011669199631906269
0.011679239628576477
0.011671694496910023
0.011668305939196544
0.011678586848566208
0.011688190894334427
0.01167239790578628
0.011679719852594472
0.011677094280519495
0.011673686999126631
0.011669741037026504
0.01167024152662427
0.011664987347008882
0.011663950759125907
0.011664534311517816
0.011666511385348577
0.011670122654336978
0.011673223946341238
0.011683870259542817
0.011698527607806042
0.01170517386705705
0.011709349892763066
0.011714061474344173
0.01170587018508884
0.011707488325020887
0.011706715912990495
0.011716375695979386
0.011708009404732267
0.011713776945995291
0.011724155338631637
0.011720602332189911
0.011745143815199643
0.011759855358913607
0.011772747328097355
0.01177329782170955
0.011809832595370162
0.011807784688806555
0.01179081228129425
0.011790598842454647
0.011826556918839048
0.011808646852556837
0.011761383977068107
0.011795831689143998
0.011774255721455185
0.011763058268046911
0.011759861289792173
0.011781216595099842
0.01176693188805017
0.011755904372647341
0.011757991622705966
0.011751412357353996
0.011745535480139513
0.011757031124468187
0.011754257180976446
0.011747787596024128
0.011741293486960347
0.011728548964618835
0.01172440305602207
0.011722186564223025
0.01172221594522066
0.011722290350613618
0.011719880120686421
0.011713522266239784
0.011719267422929336
0.011722241384192755
0.01171221741659867
0.01170588707411041
0.011701365057576407
0.011703141524048222
0.011698271663598436
0.011691426832543705
0.011688307100462925
0.01169103819748124
0.011687854809353748
0.011682988937100403
0.011675925076423121
0.011674557791538864
0.011675072594688085
0.0116672137847193
0.011659637945112877
0.011644508034834022
0.011641179425406378
0.011652513055214753
0.011613743357267059
0.011609665468470365
0.011598302302788355
0.011614020022064131
0.01162458554438095
0.011618426463200937
0.011622231715518516
0.011631548853079321
0.011641010154156861
0.0116329761237009
0.011640038511266715
0.011638867330642289
0.01165223270517024
0.011612688216015854
0.011621170079523846
0.011624719744904366
0.011629335547473474
0.011636972591067829
0.011636458575233155
0.011625129085424346
0.011644610393635957
0.011642806399690564
0.011653604965756681
0.011650141892227572
0.011656151085200295
0.011658021797621598
0.01165975585579232
0.011666394140592395
0.011670197446532193
0.011668323680549375
0.01166550281919465
0.01167010687989245
0.011670658806315182
0.011674571986165727
0.011667424659451586
0.011663703122578306
0.011660591745433713
0.011667143875721375
0.01166797363189076
0.011671313186042254
0.011673833301954761
0.011674713607676968
0.011668913020110527
0.011670938643632334
0.011672166088146252
0.011667006209109099
0.01167172971228847
0.011667105022928337
0.011668404230671003
0.011667305226621683
0.011667073838852182
0.01167419181601087
0.011670347453924035
0.011678533558789117
0.011675833035131256
0.01167262300264632
0.011673334928635148
0.011692044939222601
0.011677715517562859
0.01167666901429365
0.011712369526368338
0.011697858480052226
0.011693172888408265
0.011692552519010468
0.011699890307739547
0.011699011539770543
0.01170275827999645
0.011704185542200984
0.011710138684530524
0.011705532810408426
0.011706220622034635
0.011713036738740523
0.011721799145233969
0.011718790841525606
0.011724048656509944
0.011721558652737774
0.011753953473845447
0.011761436235078304
0.011735637800331877
0.011755897615895627
0.011762004814032001
0.011748972828728388
0.011734016184313634
0.01174938537201009
0.011747246669872147
0.01176066073571963
0.011745827997139469
0.011734312653997048
0.011737209586632658
0.011738044299764272
0.011716664287795553
0.011701172941529281
0.011742874136592973
0.011717693947966235
0.011716167780758624
0.011709080601418453
0.01169848298147147
0.011703988606526383
0.011697013977302495
0.011714615202181866
0.011697647886746376
0.011682781017177735
0.011701182271711408
0.011689523154014503
0.011675265360143294
0.011680485978884603
0.011685000451605698
0.01166108803688759
0.011648221955063709
0.011655414110741946
0.011640378769136372
0.011650200042534753
0.011649921008229813
0.011642650855282377
0.011576162075555396
0.011628068163864524
0.011664819332169563
0.01166389908117832
0.011601554649498746
0.011627393942490793
0.01167155016848953
0.01166658146092825
0.0116533680401526
0.011647858575914882
0.011649642754057166
0.01165132801670965
0.011656850257476592
0.011635361981922165
0.011640104817504437
0.011644264166480567
0.011658157994389795
0.01163204218684688
0.011627949920996195
0.01163512489237456
0.01165390188408233
0.01165140306106649
0.011656737449937282
0.011656408685734365
0.011647704602537834
0.011660256654183743
0.011672217016875819
0.011670093756180167
0.011658960934320006
0.011657845320866944
0.011660834208722104
0.011646973330485422
0.011652913378365215
0.011653734292030649
0.011656488921319541
0.011653244285277864
0.011660163467934581
0.01167065566645381
0.011670350281793473
0.01166833426768088
0.011669757673374193
0.011672917976606523
0.011672314593078215
0.011664304492121746
0.01166951392765142
0.011667585842916883
0.011668909364339952
0.011672093994013755
0.011677596826953518
0.011673063376043069
0.01168601867186031
0.011669585769126245
0.01167004473223382
0.01166934285450455
0.0116833921111002
0.011683797939403606
0.011679422060486222
0.011676016706236247
0.011693100494320041
0.011688535240226727
0.011680268332069699
0.011685165535745112
0.01167367840290423
0.011682904159958096
0.011689269526459878
0.011688317100193857
0.011687295140489551
0.01168745196235299
0.011692624189330314
0.011688287508891282
0.011683346180512255
0.011686075603155932
0.011696230075239289
0.011698256682911912
0.011695323093824928
0.011705166473397033
0.011707953949733951
0.011711564305844746
0.011713328061546957
0.011705707557543577
0.011722070890489489
0.011741263068575869
0.011737049337601058
0.011717190318320025
0.011716826478464726
0.011756983300564794
0.011733417480491115
0.011723581248696047
0.011716058576383248
0.011720731513768845
0.011711376434019594
0.011702668842757946
0.011707539852959525
0.011709251302012225
0.011704990676196847
0.011702295653044481
0.01170140708603784
0.011681689586920285
0.011675011929299428
0.011689491511149008
0.011679600458580797
0.011685257428041829
0.011669994666388572
0.011677729223441902
0.011661560641218538
0.011658345061338282
0.011646826521797438
0.011650631115317778
0.011654877784905482
0.01165442984424575
0.01164425018627785
0.011650296478683264
0.011653256196709871
0.011652349591236344
0.011657236710293062
0.01165597517781164
0.011661310959280358
0.011646186131257341
0.011646416527235748
0.011652669224384848
0.011660262358960394
0.011665021655138219
0.011654185890426827
0.011657543391505598
0.01166558641934029
0.011670769044407114
0.011668097156358914
0.01166948422577374
0.011668744612992943
0.011659280225122304
0.011668564403287285
0.011670013921248001
0.01167941723824134
0.011676777498267343
0.011676211447726847
0.011671699608887087
0.011668382106924224
0.011677977569902243
0.011675992038104377
0.0116815875994713
0.011678860780691247
0.011677102144996121
0.011686411839778865
0.011680560345332991
0.011684729331134014
0.01168274833781674
0.011688680423505737
0.011691724112178392
0.011689129684501698
0.011697641561498273
0.011695965669683672
0.011690977679700731
0.011691289794438675
0.01169812999556663
0.011708108153164865
0.01171305146957391
0.011704676235735345
0.011706313364980236
0.011707675933196326
0.011726630523170634
0.011724383682050865
0.011707779277914054
0.011700049533392098
0.011707287108625286
0.011701374582639923
0.011698587850440034
0.011695949838930297
0.01169419065083871
0.01169185849630483
0.01168298086452424
0.011677881001926238
0.011678933409742742
0.011679741517239217
0.011685537176252148
0.011672377806276557
0.01167961655234423
0.011674158071701024
0.011669905662557545
0.011666415722602297
0.011657284653234679
0.011665320019667413
0.01166742727315162
0.011663084628630194
0.011650816766458072
0.011658893677743198
0.011665611774466733
0.011659655506279676
0.011662069119732665
0.011658599337115438
0.011654858524996203
0.01166020867445905
0.011667120873630588
0.011665201190309449
0.011670138425341259
0.011672514644761878
0.011673333299443645
0.011670911892813607
0.011661857267559195
0.01166569221021746
0.011668738009762036
0.011674407486504335
0.011674337871056206
0.011673957006352764
0.01167442753574155
0.011671333208681856
0.01168332907317926
0.011678092686650487
0.011675795650414933
0.011673899971390178
0.011682401774621431
0.011682588957757811
0.011687783547338793
0.01169284116449093
0.011689633657003096
0.011693351580124633
0.011694848132521307
0.011696685918068217
0.01169237746965096
0.01169770040328122
0.011701142668053721
0.01169392718138379
0.011696311880561583
0.011698423896305876
0.011698000437541045
0.01169791378263374
0.01169549521766361
0.011697849073002364
0.0116969338814088
0.011695692118608159
0.011692028382542075
0.011694055305603412
0.01168750446300404
0.011689363313225454
0.011688117027597034
0.011685512864652636
0.011686272394829056
0.011676169864524355
0.011667570524225401
0.011659614713819988
0.011676227398082994
0.01167776905211576
0.011672970366212843
0.011673685302645564
0.011672043788829523
0.011667611711268455
0.011670509304428034
0.011659825174944405
0.01165517846195685
0.01166967403475816
0.01166954234079226
0.011665241138457516
0.011667509020335198
0.0116679425316783
0.011658730855401922
0.011658935020842198
0.011671089857205164
0.011665435102567012
0.011672574252278745
0.011671631839604013
0.011674194137383798
0.011675523309393143
0.011674958462456697
0.011670689794611444
0.011681406923628623
0.011680115583891038
0.011671571171144313
0.011676825570972882
0.011682172900918886
0.01167828275280236
0.011683770953622274
0.011681358042344658
0.01168743231853403
0.01168788378716984
0.011692146293731887
0.01168868481793528
0.011690156567027488
0.011688852999213906
0.011687329992327855
0.011683401916040836
0.011687999700111529
0.011686531811827272
0.01168871620496853
0.011694905971689873
0.011691246439094971
0.01169087443076472
0.01168944672466371
0.011686938305563277
0.011687241790660607
0.01168889437567111
0.01168578834402395
0.011689727947793771
0.011686209924823776
0.011697479809351097
0.011693746090884583
0.011663936311644751
0.011671699717193451
0.011684429238957572
0.0116842614307191
0.011663825256033822
0.01166923745687426
0.011685743920743563
0.011686693322312869
0.011681893617846495
0.011684057682783855
0.011683397101107773
0.011686227580237518
0.011691001509191223
0.011691978122335078
0.011690068268248366
0.011683719597213094
0.011677198758778262
0.011678190742595573
0.011678985276717513
0.011675024869766015
0.011673908860019455
0.011678367325528183
